0
0.13533086554690862
0.10136351435951221
0.15379320369469446
0.12307027218778605
0.13091901478115067
0.11213603631852237
0.19614436901173793
0.20123605682725473
0.21439155044909433
0.17332129018720716
0.26096131565066943
0.19019009833354333
0.22417719750436885
0.3131907218808785
0.2617257364948237
0.3203222106009785
0.28763346539939194
0.33128596478281297
0.43674417498855655
0.3775322959227174
0.3489039707538984
0.29422016287458974
0.3221722615539269
0.39922921386364496
0.35280030121607775
0.36336789593954
0.5088106316586452
0.35659121073956385
0.41325417482661153
0.43759091825133245
0.36862435291517903
0.3989965020775368
0.4475530634967735
0.4353590799824428
0.4576603283451208
0.47611980658513176
0.49312622521490457
1.0460718634852242
0.5026761093637812
0.5132268835343076
0.5408258408481159
0.9782313927692152
0.5159524912670912
0.5400739891710937
0.5130117231604914
0.6876065358324399
0.9911155145492389
0.5448506148084296
0.5943777591289885
0.5237853349145958
0.5637443176668513
0.5714965833903507
0.8626489981323429
0.5909055811215679
0.5320499098709628
0.5696163350356873
0.615687061305127
0.5995073614143329
0.5500755138398772
0.8082922203009818
0.628449276129181
0.666761892146164
0.6752925363844199
0.6060619697191687
0.6251646436524158
0.6251733465126316
0.6270834864907476
0.6582922577368417
0.6628432470583668
0.6619519583736224
0.6807179708280713
0.61370760512879
0.8715662515729672
0.7377177797569312
0.70576676349337
0.8463582787227011
1.1935047638593224
0.6996699150143451
0.6823529497606743
0.9084348915890683
0.7503964724962857
0.7259911051888845
0.7267381841681877
0.730426435300042
0.766964670811341
0.78596342259265
0.8389345061140482
0.7249714410753099
0.7695902768297013
1.1093752887356392
0.7481843136752164
0.7488085990945061
0.8222868401851905
0.7983761508397955
0.7443657089208943
0.9030549179097744
0.9217356801167693
0.769954516002774
0.7773783246613659
0.7840144161889945
0.7704406439191013
1.1018509775679213
0.806253834607369
1.2644858117037554
0.766289663986957
0.8232058371420071
0.8280106701190897
0.8914452526809369
0.8398609177455054
0.8350791250809033
0.8361529229024759
1.2162510081564581
0.8153140569882122
1.2312728276268654
0.8005863056449124
0.9057863908073498
1.1367869998865239
0.861222890292719
0.9176888431703488
0.8698506390861033
0.854220746348409
0.8506957286649207
0.9086187199439413
0.8525134150445379
0.9297862897897012
0.9694712034822494
0.9039469647058193
1.279575440318456
0.9777215423232702
1.009529502087226
0.8850338262727746
0.9585714956497444
0.8721345089550911
0.9305416000054364
0.8816275775808631
0.8614777447570428
0.9506001792738934
0.9631903896227009
0.8901617807991768
0.8736586479095877
0.8275804900657364
0.96558508759502
0.9404461020834013
0.9152210124924769
0.9073168870030965
0.9136624567421143
0.9436595023602898
0.9354745070890569
0.9375778048124306
0.9302604008652471
1.464754100810023
1.0009479372309862
0.9411661461543407
0.9929181151965745
0.8910598126894481
0.9628493652770246
0.9831249034935858
1.2725636271646092
0.9687219062628569
0.9790955825082275
0.9591532197170609
0.9960141212379077
0.9314039067341474
0.9778391470038381
0.9773689192413213
1.036700114942336
0.9555255073647523
1.0400805571192786
1.051867930636081
1.1322317165522642
0.994280082672294
1.0531950169593318
1.045040856080296
1.2203775955904415
1.2524041543611215
1.0501047668561876
1.3627253955614647
1.0474503584749937
1.282333124995455
1.0314786109125433
1.4707503126098636
0.9874323870598444
1.4054708163859653
1.0097193299398453
1.0440807857782672
1.0052070843763976
1.0156455295627413
1.0632437733843407
1.777242431977928
1.1338852128504338
1.0484409783629975
1.0436471645143526
1.0701714644927751
1.0563074136136184
1.040487984087934
1.091235907603073
1.0854460715180483
1.619999920261001
1.0367674665641573
1.0746805534113586
1.154352084543684
1.051774953868031
1.0794350655731566
1.2350134223837272
1.1647780357632307
1.135545028599203
1.0184777549855544
1.3874818445697295
1.3812832453573491
1.0592767183986842
1.049827025758316
1.193762524520886
1.057389094077906
1.1167082635418712
1.1082091833664873
1.054409239647095
1.115253249026482
1.6998352503097285
1.048233452258694
1.0975685996954954
1.0952504337400302
1.259582738988245
1.0657327109354442
1.146968477344673
1.1194971587915952
1.4313080675276955
1.0352433887875439
1.1711864974867943
1.1936014061803613
1.179776878304111
1.1382026556217428
1.1711559015177864
1.129443478406105
1.1160070924674643
1.1437395072144747
1.4894432488485143
1.144688408039073
1.1395375927867053
1.065013283136631
1.1983634192691293
1.2087136713794964
1.1227964766410155
1.5720121943963201
1.135883395957109
1.2641824804660686
1.3858235587362848
1.3073869204841089
1.1343347058532638
1.1111036939757044
1.143050697423922
1.205059650052635
1.1903915284351796
1.7237357073936819
1.179776878304111
1.1790285246176717
1.1823435270370002
1.2526255449259345
1.136730469527589
1.23550988057012
1.2044976704353134
1.2865426692074602
1.1466502810869956
1.339259318108482
1.2416200110887385
1.2170663934828634
1.3192710251264208
1.1896566003207347
1.2301849414017556
1.3091909768600418
1.1868878502456723
1.2121296388020744
1.450494258390064
1.6154657300474309
1.3068429801206247
1.1852729587653994
1.2466508547093205
1.261499659195651
1.2537711975444361
1.147547613957902
1.2634250779687228
1.291842436520279
1.2310971776823463
1.2586087321511508
1.2395379208096513
1.287101709625463
1.3880864309530812
1.2850288912748782
1.8800283109209672
1.1954093548950373
1.219795454269897
1.1936014061803613
1.2319761386824395
1.4280345452347678
1.207614233263825
1.2236106572704122
1.6166588475063677
1.2554767872178223
1.737379588060228
1.2090807701296693
1.2414401268622082
1.31045407367449
1.2689080900741851
1.221509867051695
1.3802421873712556
1.3241607570922913
1.2695216087803531
1.240972776271622
1.2390726116404236
1.791429349283853
1.20552300345329
1.2824912371231332
1.5436226711725143
1.2920040495026641
1.5966455781387505
1.5339221447881806
1.2998330607359871
1.5355475267331957
1.2531056120012825
1.3291061701773452
1.3165258459276696
1.5201074098443204
1.2991752255528919
1.3586545945911608
1.2764061075419524
1.406206107739095
1.2691763978690764
1.2628956810597525
1.2960232559130436
1.270443514978802
1.3634393435800571
1.3570556742810806
1.2774990656501033
1.2657392973251298
1.3933617382950745
1.3366986915574512
1.3555561665957823
1.3622500814263505
1.2387507663181778
1.2413681940286023
1.2460324346867142
1.308057322132954
1.4077331829681419
1.4026462969728748
1.3191419564796032
1.3739988969676367
1.4576544106800338
1.382476089728861
1.267454447361258
1.3139254000334177
1.3367434849649382
1.350394513943118
1.3653489629342577
1.3395748244659131
1.3411558035758928
1.4066794532703164
1.2788299375689975
1.2601832153810422
1.2691763978690764
1.5734777130867246
1.3447455979169236
1.4217240083512124
1.6360299521361559
1.2986825022531046
1.2896263351764854
1.735917126306597
1.3820283890607126
1.4412793367530037
1.34882566264242
1.366642719174459
1.3236388730135833
1.317596117261152
1.3500710515274286
1.277381831344653
1.2755492801990207
1.296512969720133
1.390158474652928
1.4138957524125568
1.3734135943427876
1.525816010842328
1.4246209554141325
1.4171718408341007
1.3504407425324323
1.6563055800500017
1.3333078400782632
1.7869854260286289
1.9537044076433179
1.5841938522621872
1.5845107398952931
1.3127793356424486
1.3914267848876305
1.5881716642977903
1.3611114454708946
1.3634393435800571
1.3391692155185522
1.3697248841226557
1.3842715219309958
1.7328953511956495
1.4181432965236462
1.5260930285407035
1.705452550662659
1.6752241689307277
1.362155080992437
1.3676516453564105
1.532654336447959
1.5751808308846786
1.419713004716608
1.392749768515228
1.6386254343538014
1.359645111894819
1.3624876734678926
1.7354681270607073
1.6008219124956315
1.373950091609165
1.403324596896275
1.381382524014063
1.3865765401684587
1.4787519962506543
1.5518508117397505
1.3765443633460774
1.414752666207703
1.6346935232984925
1.3476757004127673
1.429751454815001
1.4074695107592636
1.399425823194161
1.332198190330775
1.4804325359343689
1.6402442601408127
1.3836223148573359
1.485702860144151
1.3224235768484354
1.4646939533849699
1.4604446383967236
1.4637327257536088
1.490782385673426
1.5394591549952212
1.483499113934333
1.341835131857536
1.3451564509813727
1.4610406237817375
1.6414171762510155
1.8080799940518604
1.423033439941885
1.5618897408810313
1.432702630674175
1.412773612862396
1.4796848264551516
1.4342698762844375
1.4492155531566275
1.5095769064985176
1.4456896186503905
1.5093768783310588
1.4625341752981202
1.4372520228132202
1.3872805026644528
1.461100267328065
1.7550895743126673
1.4704454803646656
1.398030788860227
1.471421697649896
1.402073177184712
1.4646939533849699
1.804777358501775
1.43691339162109
1.4467847941137815
1.565060889921913
1.4763977550630372
1.4891886426668686
1.4290306339326744
1.3531769760945653
1.5064536674776272
1.5071826276397586
2.03481849777988
1.4909740284574007
1.5203124430444006
1.7461443135521373
1.4639728332825461
1.4567086213161136
1.5869744904755536
1.6325637545092955
1.489570607935029
1.906318125776626
1.4914215240991608
1.4263243964465075
1.4173335992872353
1.4484037875335498
1.5311098022299836
1.5568040921399682
1.4240728805282896
1.695209037388983
1.5049994075796664
1.4452293170896497
1.6875060628460106
1.489379583308284
1.4078386966911836
1.8103402184071717
1.4548819950647025
1.6572415598991463
1.4665624079967798
1.4033768177202308
1.5762681209280345
1.4879812975105997
1.4077331829681419
1.5047355190818597
1.7219919881853247
1.4939875255486375
1.784340736365301
1.5055276660992944
1.4362369203287053
1.516230058462423
1.7888843992417853
1.5154181663763302
1.5639256767237337
1.4370262393499058
1.5060565679541642
1.4245661167901689
1.5585922345812946
1.5500169500422085
1.4712384896818118
1.521750392189344
1.594369652006803
1.4711774375299007
1.7828366847082504
1.550822895326382
1.4834363137777773
1.7497235253404437
1.5482636982808176
1.518606783472722
1.4449993491298665
1.7391863279802096
1.532373103165084
2.0429406053336567
1.7394126998810364
1.5163655214959304
1.4610406237817375
1.5808804177991698
1.5302696385336791
1.4925102227733011
1.460504200144318
1.544416826376923
1.719930374031282
1.5519243275218817
1.78146253159835
1.5315304943667574
1.5582190972768704
1.4777591808860868
1.6594019997570009
1.4810566120324227
1.4992957072236948
1.9438044846623885
1.7834627400017642
1.529850165401999
1.5021709746028387
1.570014728195244
1.6836056371369807
1.723517359233274
1.5250551220117265
1.7545030860643154
1.8558311888723984
1.8466045554340176
1.6854014817988718
1.6141910168284956
1.496633506503793
1.5594890743050698
1.5989334941532358
1.5503831034083906
1.592751261902543
1.5656675524712733
1.5692489115942259
1.7164801514606989
1.6071209505198085
2.300862927194176
1.6270223016341296
1.5834816993583034
1.5429019699087096
1.5553195769980435
1.635227601433318
1.5513365494157132
2.0528453903617
1.8063594895116495
1.5789983152569862
1.6918475293664903
1.6239739973582799
1.6487056960767486
1.5504563711406443
1.9208579521603504
1.837002537419096
1.6398839992475673
1.5829286088854184
1.679443988079948
1.5463722955376158
1.6447729193395484
1.6836056371369807
1.5947751936198957
1.6312379333455815
1.6919490118957297
1.6348714763769516
1.7053478635506893
1.74891273396658
1.9998329315301946
1.647055081616351
1.695004567290148
1.5205859713053103
1.8259469173620824
1.709555157117791
1.6911378148690297
1.5363270389439294
1.645137260369225
1.6974645850939512
1.604291660500944
1.5859396025759478
1.5619649759582057
1.6486138305064633
1.9790955825082275
1.6343378357422444
1.9135271941133163
1.6854014817988718
1.5603877698806052
1.6300921532259451
1.7900277816009476
1.8519995873207238
1.6224145900027587
1.5807232640135203
1.579468076775912
1.5947751936198957
1.6383562157387725
1.7429366372730706
1.6374600237535988
1.5879319653779516
2.023783999679175
1.529850165401999
2.1929575298846564
1.5999998519020786
1.6778690290305704
1.6295643494560155
1.6654708423639653
1.5394591549952212
1.6491653156369541
1.5914608780915
1.5981967772981933
1.618112053505986
1.572397377997537
1.8713514290145594
1.9164106283305375
1.6039600113959356
1.5950998997897157
1.6890156037537183
1.8515596468996112
1.5732459863678947
2.020527589906681
1.678852708911824
1.8334733900782116
1.9041619906376868
1.6526744119793368
1.591621966551026
1.647879604664799
1.9277901740740364
1.8222320361619109
1.7264743624640717
1.8143577723296296
1.5677213177508624
1.657147871088104
1.581273551239524
1.8190923798402174
1.825808761012292
1.5885714567239826
1.8087435457193763
1.6979788474179884
1.879871836596845
1.8274695449937566
1.8893615327711983
1.5972980394549399
2.152443094736353
1.6303562958485245
1.9039965766262017
1.6527671405975823
1.6166588475063677
1.6113997484990834
1.6201719521435844
1.6021404546299782
1.684802041425025
1.59917934441845
1.6799373364027994
1.7262546334020088
1.8661666720762535
1.7559119907286838
1.576190367014676
1.6286860994460937
1.666426806830745
1.6484301576418507
1.87043196258381
2.054713326496819
1.6657574108216762
1.7789751566322352
1.9028404392735943
1.9459850473114635
1.6284229703972062
1.6421405484472409
1.758625234127573
1.7002488641332807
1.6766915466592889
1.867989526722586
1.7636240199916047
1.7612364687232838
1.803332117627594
1.8964548445761542
1.5881716642977903
2.346482961041596
1.8444363308509995
2.135488659661243
1.7001454237417226
1.6762018696631076
1.6297402127837488
1.690834006194938
1.9525932058040856
1.8806547725974307
1.6789511995533397
1.8063594895116495
2.124909168371368
1.7680758932535894
1.7598102129852518
1.8464596698674016
1.6311496890128785
1.6420500610040751
1.7596915694981314
1.695209037388983
1.6246688686775645
1.8365775223971768
1.6714320291327134
1.8344586639972618
1.6581795613046109
2.011113941939884
1.7570895795247494
2.0002455628979607
1.7231900426882716
1.719389466647991
1.8949944843967828
1.7966935892762101
1.6785573709324697
2.022044209743451
1.9416348157938754
1.7215571501195575
1.6956182666130464
1.854943967967505
1.778603276076985
2.0224785042615454
1.6964378837129366
1.6916446354212429
1.698390696175172
1.9816589626016081
1.772207433193882
1.7301160349015596
1.769408271735788
1.77711893006272
1.6849018907143263
1.7803414495654835
2.6140213374038317
1.6872047832765897
1.6698858077151613
1.7236265195912455
1.7149792556823351
1.8664699503580637
1.6141910168284956
1.7969520209898184
1.727024171984147
1.7126311352897825
1.6682489570484607
1.6743461162139899
1.6622362135262836
1.7297837090478971
1.629125002446464
1.7286777892195644
1.8210007704648894
1.7595729584139848
1.795146220126556
1.7737975851646492
1.7423663227040431
1.7633846733435499
1.7484501033162778
1.7660247695097584
1.9086521516426533
1.8329113783764834
1.7214485085975642
1.712844076937541
1.9524082816020565
1.8025458268601802
1.6828098614092406
1.6875060628460106
1.7219919881853247
1.860145161653313
2.1919935017820396
1.8470395023726287
1.9277901740740364
1.8745849784745825
1.9619412740273958
1.7463743424144553
1.702738853650227
1.6770836861729772
1.76542333681164
1.9977756350165141
2.1161957579604445
1.7615937657256688
1.7679549703843955
1.833051813133375
1.7414553743220142
1.923271663314504
1.94781058376109
1.7981168705443908
1.8745849784745825
1.7100839462759025
1.668056791345368
1.7353559497433062
1.781337823921426
1.7838388068302016
1.7471804042588226
1.766627036257094
1.7675924036607609
2.2027173671738125
1.7906642971507711
1.8120765972432744
1.742708421565295
2.3478594898703995
1.7905369193871645
1.647879604664799
1.8173277803615362
2.1423057175929316
1.8570169765903703
1.967839778253145
1.8744304527722215
1.83813794847601
2.10266027893157
1.876598832008135
1.8037257974991534
2.019016247902534
1.968031392852284
1.7937326253584993
1.8622432067090045
1.7888843992417853
2.0956616488086537
2.0143002693794982
1.8993903798512457
1.8122104528405438
1.7689232973895748
1.84617004366
1.7946316531446724
1.8521463332190293
1.8588017509456911
1.7350195915373332
1.9391171595726289
1.6702718472800488
1.8326306450235257
1.786228155598045
2.2037055234178786
1.7755165929918397
1.8460253029548097
1.8270537532129272
2.1853045656561307
1.8108737497788223
1.8051723512365094
2.0345950377894066
1.8310898469871226
1.9902472685561752
1.7237357073936819
1.7296729902501264
1.7655435567381943
1.8377118213949837
1.7840896990855346
1.7361418001253186
1.833895376652533
1.7866066257587323
1.7421384064133736
1.7055572630156444
2.007530807713928
1.642865127521517
1.9312982261199494
1.9609973604154312
1.7779841819138382
1.8823822163144446
1.8872877627097657
1.9191420491699673
1.7829618235887887
1.8126122673474523
1.8116752778105247
2.000658586687439
1.833051813133375
1.6515632101401043
1.9568683411536896
1.7812131520440366
1.9794889652180072
1.8263616503064475
1.9606203686539954
1.827608230762747
1.8326306450235257
1.8234668025400826
1.9686067444249338
1.9912570213521443
2.328534353792034
1.8397040014107682
1.8360114819365934
2.0083712423872426
1.7464894025507498
1.799544831568098
2.0928423770013884
1.7282362086203584
1.7219919881853247
1.720363585520473
2.05168199700083
1.7832122095754896
1.964785386889427
1.8909635061180583
1.8262233619811576
1.8565719266980638
1.9237906370650517
1.8225061254622064
1.7763786551984198
2.0025220700409756
1.9866314749252423
1.8107403054754516
2.0535449252488953
2.060602954077966
1.8667734405743996
1.8108737497788223
2.201075420106836
1.7916846664469404
1.8555352471356295
1.836435943102719
1.8018916702642866
1.9757661383809728
1.887446932395221
1.825808761012292
2.021610349086086
2.021393581184454
1.9288396175534461
1.77885116106197
1.8054358794496337
1.8736586479095878
2.011749339978467
1.8323500930228755
1.9360794980659317
2.1486501057192138
1.8855407355592744
1.7672301393701297
1.8299726901475608
2.0470593404578286
1.8313695857935115
1.8201818617082932
1.8657121513839
1.7828366847082504
1.9524082816020565
1.8654094016456702
2.1159262609105904
1.7282362086203584
1.8322098849564752
2.05894579132957
1.9000454244428544
1.8736586479095878
1.8354461782682268
1.9947078486654604
1.750652001336849
2.606453575080138
1.8211374055083016
1.886969598239929
1.7832122095754896
2.019016247902534
1.8576110867813844
2.1186287866314437
1.880968342634088
1.743622004824942
1.8598462666092346
1.7394126998810364
1.7911741821308584
2.4441954188795894
1.9346573290278732
1.999626762771562
1.790919164811785
2.00648254632664
1.8613428031759005
2.42183297698355
1.8107403054754516
1.913358175048368
1.8710447238592252
2.026845504173266
2.02313076142831
1.9957280381923843
1.8234668025400826
2.080501488900986
1.9026755277538974
1.85053484906245
1.8053040953545842
1.8313695857935115
1.851266600679381
2.0242200383522526
1.893216242827723
1.9864314774628529
1.8474748853483443
1.8448691106395818
1.7990250296126835
1.8985729610480953
1.8336140067159639
2.0138740726015225
1.9366140144188246
2.0556503160337467
2.172534858519353
1.8493666049635051
1.8605938902779453
2.3320652226871674
1.954446791553841
1.7271342174634898
2.617427586095743
2.0203113616314132
2.0319224479280797
1.8590999277386628
2.087006020931634
2.212365056113242
1.7954037324269576
2.052379658969181
1.8055677035459268
1.8377118213949837
1.835728738123284
1.8997177786469268
1.8571654279614631
2.2854665477913203
1.8154354266838315
1.8675330952755256
2.095918856090026
1.9767427398311883
1.919999153221408
1.9086521516426533
2.05307844348342
2.020527589906681
1.8954807257036723
1.8730421900603014
2.0594186215144386
2.0406691855015997
1.859696896192662
2.0109023490090703
1.7938609440126765
1.7416829323476049
2.1774735838878345
1.8421354275516273
1.8724266059998962
1.9031704502939593
1.9049900070599168
2.0303709987796563
1.912345439691888
1.9051557999544302
1.7803414495654835
2.0979820166537997
1.87319622250806
1.8586527392846295
2.026626108118131
2.1178162616387715
1.975961283062712
1.9196561085891144
1.8987363217729492
2.219145747825654
2.118086934431518
2.094377892384974
1.926046717369276
2.0910577772649286
1.8385644940810004
1.8882436570396979
2.130166700025201
1.8256706485983747
2.001072003645743
2.090803432026676
1.836435943102719
1.959303468631171
1.8169215812841584
1.9359014720409329
1.8903220075052567
2.2592078624160665
1.8255325800923943
1.9253512897076248
1.9465319029747825
1.9375063395363266
1.9256988643415456
1.8713514290145594
2.096433728090939
2.073603870574361
2.0706809578122893
2.0895339354141518
1.9350124349200233
2.064654015655586
1.9074835707441191
2.0305922953357327
2.2133754353558692
2.123262031825892
1.9479935601623233
1.9524082816020565
1.871504862855372
2.0670547651737396
1.9511160122645983
1.7927074387345447
1.9153907582370273
1.906318125776626
1.8933776006159078
2.0723835986788064
1.9348348456793958
1.9051557999544302
1.988636531496421
2.0092133066004494
1.8958051892838768
1.8847489495935517
2.2830846708049513
1.7615937657256688
1.9860317586293865
1.9665008380279463
1.9237906370650517
2.167651664619886
1.933770832533285
1.9722684457955386
2.224301658978485
1.9537044076433179
1.902510678831097
1.9056535587274328
1.9474448620705065
2.0946343402707273
2.0814958670844637
1.9691828592322613
1.9896425418649613
2.0658527315198487
1.9525932058040856
1.932709419829227
1.8758231674299066
1.833754668897567
1.907650318483508
2.137749143525287
1.9481766136874374
1.9990088430819697
2.0077407639577576
1.900373317612
2.1089774009552626
2.0224785042615454
1.9485429523695585
1.9325327696409451
1.9848348047750575
1.7921957515096345
2.5853039720462316
2.182469118270352
1.9890386560454316
1.9707229122003538
1.9164106283305375
1.8582060108222296
1.9445301230632892
1.9051557999544302
1.867989526722586
1.9938934190186197
1.9489096003287802
1.854796273872593
1.8738128991922973
1.8898415046180663
1.9684148758634286
1.8626941094820608
2.0016928679143184
1.9348348456793958
1.9172623534160471
2.121348234978012
1.9430800566680564
2.139167944139991
1.984237562670523
2.0246565152552267
1.8034633046039437
1.8458806104724108
2.2462869715863123
1.8524399738535446
2.1939237026566767
2.1865707312232554
1.959303468631171
2.2543636866975905
1.8815961627389453
1.8195006153224813
1.9193133347103075
1.8598462666092346
2.0563543872204892
2.2433868307129416
2.173456601663877
2.0755634654699393
1.9572420885794268
1.9525932058040856
1.9364357691949379
1.9255250422532124
1.9790955825082275
1.9765472437748135
1.998803065072006
1.9834425153420252
2.2430256710398178
2.0179399289330386
2.072627378916419
1.9039965766262017
2.1565652427996107
1.9492765580877507
1.942718295312775
2.1013556985516573
1.8562754799412269
1.982648920818957
1.863597321901692
2.0556503160337467
1.9626978848144134
2.002107271077348
2.220514683496221
2.050521711827903
1.957990549741675
1.9458029150035296
1.8860165009695387
2.1290545496558333
2.1466213657115127
1.9068172192794415
1.9246569738412702
2.1974848402401355
2.1140444496262885
2.0763005991381127
2.021610349086086
1.803332117627594
1.9487262376568972
1.9922691273378337
2.058001672518832
1.9775256052651742
2.0264068228411154
2.1397367647608005
2.066092872240318
2.004185239069886
1.9236175768986241
1.9961367859702308
2.147200039323981
2.2020598432300407
2.1477794850162146
2.0321445366477766
2.102921665928268
1.8812821392387102
2.013448293663592
1.9198275970343448
1.9093213266316011
1.9763518356806717
2.0375090246002676
2.063936371071628
2.1137762838370313
2.164627317565673
2.1619232961446873
2.160129923402644
2.0352657629912994
1.9866314749252423
2.2076807867053625
1.9272664017710692
2.215742168634976
2.2822936059561716
1.9918640018589193
1.9657375786365807
2.0314786109125436
1.981066069018872
2.163724105146042
2.0297077848835454
2.075809037702608
2.1340818087973563
2.0242200383522526
2.018585400166897
1.8470395023726287
2.121621118733081
2.0323667389969082
1.9682230920308117
2.0415763283523667
2.009634951761631
2.3637729214066643
2.174688643573569
2.0463701663138885
2.0402163236441906
2.0706809578122893
2.0056457551585036
1.9971603416688677
1.9410940880022087
1.9703373866695746
2.2218879478243316
2.220514683496221
2.178717090770046
2.094377892384974
2.0319224479280797
2.2484748577344877
2.1589384425952254
2.341020065340094
1.9888375472287314
1.9611859790858894
2.4564134840421636
1.9279649053103114
2.146332317792754
1.9314743747664136
2.2312728276268654
2.0305922953357327
2.1446020586040726
2.1706972204521926
2.021393581184454
2.4401979398039724
2.052612462234956
1.9928775250304716
2.052612462234956
2.2298696132174274
2.061790525181382
2.162822767260625
2.002729618184426
2.2592078624160665
1.997365342608196
2.057530381662052
2.1318402839147668
1.9058196051763694
1.9604319954209821
2.3267796262254836
2.035489568449436
2.0418034104395812
2.0253120542203
2.026187648230406
1.9866314749252423
2.530199698203082
2.0321445366477766
2.076546588655821
2.170086398295378
2.217440623994519
2.1907114507199252
2.041122520075021
2.0301498149287314
2.307093944867223
2.167651664619886
1.98205467514097
2.0279441500460442
1.8988997439693849
1.9430800566680564
1.9736253142830327
1.981066069018872
1.9576161579237445
2.3185401427886614
2.0370594443511094
1.8274695449937566
2.0025220700409756
2.1084474503319646
2.029486938460326
2.2775772394387945
2.083241526267015
2.031256862384926
2.0052279634169006
2.160726891856643
2.1661368584733807
2.178717090770046
1.9203424690352575
2.0753180320178557
2.019016247902534
2.062504629724686
2.2644858117037554
2.10266027893157
2.1598317466096724
2.2323282217839306
2.3867775559007693
2.1018770605373236
2.0418034104395812
2.0753180320178557
2.3557433221608
1.9796857902754905
1.9985973845178877
2.1423057175929316
1.997980926668601
2.044080785778267
2.516433268860845
2.0288250722180696
2.121621118733081
2.174688643573569
2.281109703863896
2.0233483983568954
2.0982406022416136
2.058709569141585
2.1796520631051193
2.346482961041596
2.179340181955699
2.01751014712468
2.031700472721661
2.26944487152741
2.105544225116869
2.152736239858454
2.0753180320178557
2.080253249693368
1.9128515121693157
2.1881586470028873
2.2846711364299597
2.314265556292752
1.8115415870346796
1.9360794980659317
2.2076807867053625
2.1140444496262885
1.9524082816020565
2.253623201468067
2.054713326496819
2.0470593404578286
2.0073209529227447
1.93412521401513
1.9824507485673308
2.1329596002093707
1.9281397068751198
2.0954045937659886
2.013022931747215
2.0877628514721134
2.2073481214406074
2.3877840325549498
2.341472691208999
1.982648920818957
2.035489568449436
2.0582375098756476
2.205688606689578
2.6081239405312044
2.0933536124717285
2.0905492356589255
2.084242205239471
2.1254596050507595
2.1262865703566165
1.9184575817597243
2.071166745874018
2.11057114396182
2.4169562565745717
2.0795093822858672
2.184042080808055
2.342379360602819
2.422378230641993
2.0363859454072877
2.0461406844158656
2.091312271548158
2.076546588655821
2.18467286448017
2.1506883671698023
2.0375090246002676
2.390817533702509
1.9568683411536896
2.196186500014855
2.064654015655586
2.309190976860042
2.0923317426310932
2.0207439258921767
1.9936900500231436
2.0077407639577576
2.087510428052102
1.9998329315301946
2.191352003169238
2.2412243640945495
2.1408766459451085
2.029486938460326
2.0183701364787705
2.191672634030537
2.1097735413833574
2.0995358447224213
2.3637729214066643
1.9666918626546914
2.0902951879875085
2.241584028282313
1.9467143413231505
2.261838819292469
2.0533116217343386
2.236931467704914
2.859398309393755
2.2466508547093205
2.1428786655413385
2.129888395317245
2.085747560236788
2.0288250722180696
2.085747560236788
2.1227143716248142
2.035713489300957
2.0468294942064182
1.9932835975069032
2.1276683547927258
2.035489568449436
2.411069241847247
2.068984966048377
2.2644858117037554
2.2063516518289066
2.149522475243012
2.1307238450431165
2.0670547651737396
2.1251842995062606
2.102399049160143
2.0445376974268332
2.3025158101861045
2.6691147565017017
2.2740732757094806
2.0948909396766577
2.0255307872805286
2.39746372375492
1.9492765580877507
2.0565893314955743
2.2218879478243316
2.252514835536228
2.07384833693708
2.168563090939507
2.0495957104495703
2.162222912908488
1.9892398580327706
2.1868878502456726
2.0745825627787444
2.23550988057012
2.1694764340351336
2.3298550678820504
2.2854665477913203
2.0610775929032457
2.1506883671698023
1.9718815464542234
2.2020598432300407
2.0465997695346227
2.0272846290659903
2.356680311697728
2.0502900263159245
2.213712751475276
2.178717090770046
2.11163689782648
2.264106680748291
1.9527782087810697
2.2181218703803305
2.242304251468775
2.0824925272623314
2.065372848065604
2.0512175108796527
2.062504629724686
2.188795442544989
2.2466508547093205
2.243748290976756
2.1926359493576317
2.1089774009552626
2.0620284295871687
2.0037688493142083
2.150396600627486
2.2295195168809325
2.0865021989703694
2.026187648230406
2.0151539197416235
2.032811485048989
2.1340818087973563
2.146910606136392
2.258833309152744
2.11057114396182
2.2521460079285793
2.0512175108796527
2.006901547306467
2.2037055234178786
2.006063949203242
2.1550885515370313
2.261838819292469
2.272138775932281
2.072627378916419
2.210686296845088
2.052379658969181
2.210016605915312
2.2499395959927613
2.0528453903617
2.3768390333665894
2.3637729214066643
2.094377892384974
2.5330061343464205
2.021393581184454
2.2043655455538858
2.1008349617004156
2.4564134840421636
2.3298550678820504
2.0081609811960606
2.2116927734992684
2.171921448132202
2.2752381252640532
2.486334561320112
2.275627103778102
2.327217643894387
2.2188041870672675
2.2218879478243316
1.9938934190186197
2.0433963183680244
2.2408649975188903
2.4781932583654056
2.105544225116869
2.3041750079325896
2.3954078880489553
2.1691717728638156
2.07165307793145
2.144889956845907
2.220857592698326
2.091566915051146
2.153029582984705
2.082243147708018
2.160726891856643
2.1420195268202007
2.151272488955106
2.259957939427913
2.0895339354141518
2.27252498714662
2.122440800288585
2.1688673252650155
2.315970345456918
2.259957939427913
2.211021529962392
2.251409291073537
2.4026462969728746
2.1058073541657563
2.2433868307129416
2.4665624079967796
2.0782724276419096
2.2580851703253506
2.2455601187272705
2.195538782546689
2.413735269138487
2.1553834883781824
2.0224785042615454
2.150396600627486
2.1613246820155876
2.116735254280633
2.210686296845088
2.272138775932281
2.14806949803661
2.6123281793843867
2.183097619801031
2.1323995814574928
2.1805890526420466
2.171002953996606
2.2201720448339484
2.1613246820155876
2.0240019642919824
2.0465997695346227
2.346941319376389
2.075809037702608
2.261838819292469
2.117545757437
2.0323667389969082
2.141162084326664
2.3194001321427518
2.321990365359244
2.061790525181382
1.99166158074973
2.168259069588692
2.4021252477419237
2.3342866826811255
2.4148062795010126
2.1649288062844128
2.252514835536228
2.275627103778102
2.1631230054211503
2.1335203420327886
2.2184628947260068
2.194892029661856
2.043624354331207
2.1460434621240387
2.4552349365566206
2.1170052539672297
2.439629863226045
2.1521501473512803
2.2815039794079106
2.1716150675326147
2.1716150675326147
2.1661368584733807
2.4744865973278585
2.1945690140412357
2.2906725375289425
2.200747774310908
2.000658586687439
2.26714903632061
2.2854665477913203
2.2376440100828057
2.096433728090939
2.0570596016897693
2.301275558561942
2.091821707948981
2.2194875774237053
2.2116927734992684
2.349240395586785
2.314265556292752
2.2996273801818687
2.0982406022416136
2.2277732560565116
2.4629532918086685
2.4819318279248073
2.3050069899531316
2.264106680748291
2.0558848796267584
2.2030465028332973
2.360921962709641
2.5184706196585
2.3302961999483207
2.1740721857242824
2.141733524516876
2.281109703863896
2.1533231243827697
2.2198296762849576
2.2822936059561716
2.433429577121474
2.085245195250867
2.127945240031243
2.397979206880013
2.150396600627486
2.0763005991381127
2.2093479460728256
2.062504629724686
2.6375495597773986
2.3276561037821124
2.5295009136888438
2.103183210339607
2.117545757437
2.2886628417543418
2.146910606136392
2.4546468599848366
2.1815280681038742
2.1159262609105904
2.2043655455538858
2.0925869847670935
2.26944487152741
2.073603870574361
2.1771632627014244
2.090041288838562
2.0292662042843395
1.9808686175574561
2.5393877191069274
2.043624354331207
2.17840588009252
2.1329596002093707
2.153029582984705
2.0188007706061746
2.0745825627787444
2.1694764340351336
1.98205467514097
2.227076713033257
2.2023884807651353
2.239788678549395
2.264106680748291
2.360921962709641
2.133800984680295
2.1978100326790684
2.1047557931631347
2.4121336896396857
2.1740721857242824
2.378808626229494
2.2046959331559006
2.18752278381184
2.1089774009552626
2.2898675428927127
2.3483193040815933
2.224301658978485
2.295534093689109
2.3004506875031345
2.1619232961446873
2.464754100810023
2.26714903632061
2.1768531630938877
2.390817533702509
2.1533231243827697
2.221544224433296
2.1903915284351796
2.256592747956667
1.992674631085224
2.1340818087973563
2.171921448132202
2.1363349629142503
2.221544224433296
2.084242205239471
2.208346882667078
2.208013706983761
2.620860761934137
2.22742484490112
2.385272200903452
2.108182717326569
1.992674631085224
2.146910606136392
2.5797815336512326
2.3666427191744592
2.062504629724686
2.360921962709641
2.3817798657452594
2.236931467704914
2.1740721857242824
2.4021252477419237
2.3576193271595556
2.3374159410712685
2.1716150675326147
2.2394304975130894
2.4121336896396857
2.3758575764926118
2.303759613848407
2.1544992780654804
2.2470150429754447
2.111370214071153
2.196835184947858
2.1016163013088933
2.2775772394387945
2.332952443592061
2.0982406022416136
2.1454663265149807
2.8008470648733423
2.147200039323981
2.1655324123327984
2.338314171964169
2.156269502589406
2.1137762838370313
2.1991132429049873
2.3202618278260445
2.027504358128053
2.235864841343377
2.3524796875071448
2.317681853019382
2.162522736518534
2.2492066093514187
2.2517774932845733
2.291882834128038
2.799544831568098
2.171002953996606
2.3311798105927126
2.0787667868095787
2.2181218703803305
2.4617568875206244
2.4185757531009813
2.4000472797493857
2.2043655455538858
2.3571495656406296
2.2130383810262595
2.2815039794079106
2.2740732757094806
2.1694764340351336
2.2732984414595196
1.960808823628488
2.4073640866825468
2.58689479610302
2.344198397741336
2.131560905016806
2.1616238859419266
2.26638644704319
1.9619412740273958
2.5253316546424665
2.1756149741385635
2.1202584113649516
2.149813654926668
2.2906725375289425
2.1765432847490223
2.1521501473512803
2.298805630680495
2.212028784720597
2.344198397741336
2.1655324123327984
2.4683782760718067
2.2481094437609705
2.2637278804783945
2.2333861869402645
2.2521460079285793
2.2510414007661477
2.2164207539010086
2.168563090939507
2.3685665074005993
2.0809983933967313
2.5933170126801066
2.181841524979195
2.2569653730176245
2.684802041425025
2.277186511133624
2.2380007201495973
2.2312728276268654
2.2975759144783217
2.2637278804783945
2.0577659631605885
2.316397590431762
2.221544224433296
2.1312817057259923
2.205026572290183
2.361870204313214
2.24014715523661
2.2372875927612803
2.1984611489658032
2.3211252366231547
2.1994396574125767
2.2194875774237053
2.2503065537517317
2.2846711364299597
2.549504853398469
2.264106680748291
2.2073481214406074
2.1613246820155876
2.1984611489658032
2.1716150675326147
2.2184628947260068
3.510377941736807
2.239072611640424
2.243748290976756
2.3021019993097243
2.375367678547936
2.2807157859394716
2.141733524516876
2.6098007552857196
2.2775772394387945
2.3108759236172296
2.2000932233476638
2.1694764340351336
2.233033245448346
2.1728418889187817
2.248840579425071
2.295534093689109
2.2232655682718
2.1853045656561307
2.7435077017628524
2.447651361375494
2.33876398503587
2.3847715732031705
2.395920935340639
2.23657563443478
2.1420195268202007
2.341472691208999
2.39746372375492
2.144314351086493
2.3374159410712685
2.363296460051246
2.209014001818076
2.4323117013899735
2.385272200903452
2.2477443369871315
2.141733524516876
2.171002953996606
2.4599684382592066
2.5727829035283163
2.2499395959927613
2.383772045761044
2.155973963631486
2.1728418889187817
2.1868878502456726
2.2116927734992684
2.3325086065765244
2.277968319593005
2.226381285371606
2.1460434621240387
2.3984953025817504
2.3267796262254836
2.32372581015368
2.2637278804783945
2.2380007201495973
2.2858648004390387
2.2752381252640532
2.4026462969728746
2.335625033453388
2.2130383810262595
2.2441100523320374
2.2607093141514993
2.306675750822485
2.2637278804783945
2.259582738988245
2.1765432847490223
2.3990120123177805
2.222576211806581
2.257711583651214
2.2732984414595196
2.269828693454207
2.2246475725626054
2.3969488517540074
2.446496322178962
2.2854665477913203
2.1251842995062606
2.6123281793843867
2.2451971479732515
2.1805890526420466
2.0330340289851443
2.2073481214406074
2.2975759144783217
2.5697082394867556
2.4362369203287053
2.1903915284351796
2.1619232961446873
2.2503065537517317
2.069953293053556
2.162222912908488
2.210686296845088
2.5853039720462316
2.4689852565785815
2.314265556292752
2.253993286264133
2.08299171637695
2.2906725375289425
2.2521460079285793
2.2394304975130894
2.3211252366231547
2.442477706098871
2.222231943471547
2.2947200456871246
2.166742147047881
2.2637278804783945
2.383772045761044
2.2740732757094806
2.2466508547093205
2.281109703863896
2.270982198732339
2.235155209679111
2.314265556292752
2.216760444557281
2.4105379947083394
2.203375888121671
2.2951268789551924
2.1533231243827697
2.312567432987889
2.385272200903452
2.651193440443945
2.295534093689109
2.193279348707758
2.251409291073537
2.3437429236755674
2.2943135931708842
2.1812148373063773
2.4105379947083394
2.360921962709641
2.39643458942997
2.2637278804783945
2.453473090400334
2.138032533083077
2.291882834128038
2.490782385673426
2.17778412697
2.2959416906049057
2.1604283050577364
2.3185401427886614
2.2713673823335556
2.268295436850521
2.3690487889403373
2.1434523703564756
2.1907114507199252
2.4317538407070978
2.5267169651692325
2.6031319949737055
2.6384459367352497
2.235155209679111
2.4384959344306814
2.1984611489658032
2.3451107814422483
2.2430256710398178
2.208680314147489
2.349240395586785
2.645684345659169
2.306675750822485
2.238357723442946
2.2783597522305024
2.359975786993551
2.443049522484182
2.3758575764926118
2.208680314147489
2.300862927194176
2.1483597048512197
2.2517774932845733
2.226728860005527
2.275627103778102
2.4026462969728746
2.365205449858577
2.2477443369871315
2.693881699276943
2.3004506875031345
2.4552349365566206
2.578216506797605
2.2854665477913203
2.39746372375492
2.4978651806118393
2.437364958578231
2.2253402273855123
2.446496322178962
2.4031679720889385
2.297985433114892
2.3867775559007693
2.3506257061135516
2.255105436633501
2.2543636866975905
2.2898675428927127
2.2372875927612803
2.441336327040062
2.0147268848184234
2.219145747825654
2.1994396574125767
2.4599684382592066
2.5024333089399624
2.2154032731968636
2.479435875756501
2.4026462969728746
2.328095006782483
2.3969488517540074
2.261838819292469
2.253253431771907
2.385272200903452
2.308770759621739
2.327217643894387
2.3758575764926118
2.1978100326790684
2.44707345778802
2.3887928471360946
2.42183297698355
2.4362369203287053
2.346941319376389
2.0961762157905373
2.4505524709069935
2.370014961712358
2.2922870170161254
2.227076713033257
2.5017777699748893
2.4499706965642636
2.1688673252650155
2.5401026073044046
2.3311798105927126
2.238357723442946
2.3342866826811255
2.3289741457100255
2.265625194469833
2.2975759144783217
2.449389700515201
2.2906725375289425
2.2633494103177076
2.344198397741336
2.1580469722543514
2.264865273922657
2.4401979398039724
2.2926915764137115
2.408419480839612
2.2455601187272705
2.5766570994420834
2.2967580338563653
2.308350948586726
2.391833427690657
2.4251148148819857
2.4384959344306814
2.26944487152741
2.226381285371606
2.3325086065765244
2.5316006493595444
2.5845107398952933
2.943080056668056
2.255105436633501
2.233033245448346
2.2807157859394716
2.054479394639882
2.3112981837204054
2.4581873237385343
2.3185401427886614
2.408948141260222
2.1643260379962523
2.676887572156593
2.3877840325549498
2.3768390333665894
2.465356033660233
2.160726891856643
2.216081328731794
2.352015449641557
2.1978100326790684
2.4933446024380266
2.274461211851312
2.4057857888271155
2.5727829035283163
2.2229207532620996
2.5024333089399624
2.370014961712358
2.2340929315745135
2.268295436850521
2.297985433114892
2.325904913982349
2.5316006493595444
2.335625033453388
2.2878615601951138
2.4965687782106705
2.2430256710398178
2.3822770546740926
2.488235196659546
2.343287926795916
2.5097103098114704
2.3943836081357097
2.2910755950816806
2.3224235768484354
2.2093479460728256
2.315117114373236
2.4005658403864025
2.367603548066157
2.58689479610302
2.293907520694453
2.33876398503587
2.4047367678293887
2.3812832453573494
2.365205449858577
2.3004506875031345
2.4021252477419237
2.1466213657115127
2.361870204313214
2.5379614633688954
2.367122867904299
2.344198397741336
2.2702128548962426
2.4245661167901686
2.5017777699748893
2.4005658403864025
2.3054235794161566
2.2607093141514993
2.362345102645831
2.2799290203585327
2.3232912983796625
2.573554982810601
2.4078914631673927
2.3497016749524056
2.351088460000598
2.340567910711117
2.4196587822954245
2.0577659631605885
2.3325086065765244
2.378808626229494
2.495922025325837
2.374389537409449
2.303759613848407
2.423470795952566
2.726694202753202
2.2499395959927613
2.208680314147489
2.44707345778802
2.5813522206504635
2.442477706098871
2.6375495597773986
2.340567910711117
2.1865707312232554
2.334732341501047
2.2652450679843805
2.385272200903452
2.174688643573569
2.229169702539101
2.383273143371999
2.3882881469260075
2.4148062795010126
2.5344161826042457
2.236220092473127
2.4078914631673927
2.4000472797493857
2.6286860994460937
2.4629532918086685
2.2713673823335556
2.545864475990351
2.2499395959927613
2.256220442334292
2.499817069209361
2.2702128548962426
2.4436220927476087
2.5218875883623073
2.298395338272177
2.3628205208453634
2.429529536321719
2.2093479460728256
2.377330594802094
2.433429577121474
2.353875386025681
2.287461473126834
2.5037473628377938
2.7767486349015313
2.545864475990351
2.33876398503587
2.349240395586785
2.3928517036129624
2.2842739763822504
2.338314171964169
2.259582738988245
2.2333861869402645
2.6928634233546385
2.2246475725626054
2.2584590786410885
2.2506738218344258
2.4311966956891817
2.346941319376389
2.2822936059561716
2.3562115642351653
2.6182833390463265
2.452302484619087
2.2017314541921613
2.363296460051246
2.484442207642407
2.406837349829737
2.506387459004002
2.4323117013899735
2.1661368584733807
2.3075125419906213
2.4078914631673927
2.4379300783481503
2.5415359237271935
2.35808959735375
2.362345102645831
2.549504853398469
2.620860761934137
2.3041750079325896
2.3719537795837446
2.5017777699748893
2.352944422149569
2.3661631007028494
2.346941319376389
2.2477443369871315
2.490782385673426
2.4546468599848366
2.4026462969728746
2.659590372990014
2.651193440443945
2.1550885515370313
2.5281067086972384
2.2312728276268654
2.626061955619945
2.4278687523402542
2.3628205208453634
2.3298550678820504
2.4047367678293887
2.2426648114578565
2.359503471034107
2.216760444557281
2.352944422149569
2.6191407815398633
2.414270444168506
2.7969520209898184
2.3690487889403373
2.590897538556694
2.4459199525098883
2.4401979398039724
2.441336327040062
2.3478594898703995
2.473871884582763
2.7481034534520012
2.6056207953774
2.4831852039229045
2.733341697053955
2.3807871922115815
2.4927026296945183
2.536539876234101
2.4927026296945183
2.3571495656406296
2.405260961594782
2.571242850560224
2.352015449641557
2.369531606646434
2.512387017710962
2.4031679720889385
2.473871884582763
2.4806820587691
2.40631125105928
2.491421524099161
2.5090437026477423
2.146332317792754
2.5184706196585
2.3637729214066643
2.4587802173212707
2.663375098309812
2.399529337550962
2.5184706196585
2.4078914631673927
2.279536171410983
2.6251907527562723
2.5218875883623073
2.3768390333665894
2.274461211851312
2.3783153899676144
2.3778227132478427
2.3862751909148483
2.594937516358434
2.5295009136888438
2.559863304816725
2.319830766270156
2.501123219011645
2.497216495678836
2.5316006493595444
2.2791436775009397
2.261461991084963
2.171002953996606
2.4459199525098883
2.149522475243012
2.352015449641557
2.426214295170242
2.359503471034107
2.3739012917347497
2.844724802785819
2.281109703863896
2.478814122633981
2.7755165929918397
2.2815039794079106
2.601480683167116
2.3928517036129624
2.293907520694453
2.227076713033257
2.268295436850521
2.4927026296945183
2.389804010530957
2.7041979677529198
2.565895269586638
2.4895069237231833
2.4895069237231833
2.376348027681837
2.3298550678820504
2.4665624079967796
2.341472691208999
2.5198341827312483
2.365205449858577
2.465356033660233
2.196835184947858
2.2826889582655894
2.556135432297482
2.4419066416090898
2.3768390333665894
2.2967580338563653
2.35808959735375
2.30168858235142
2.440766760424782
2.3497016749524056
2.8074174546679833
2.4005658403864025
2.462354677679569
2.575879490493239
2.3887928471360946
2.8745849784745823
2.325904913982349
2.4042132060035883
2.2967580338563653
2.2484748577344877
2.4057857888271155
2.690834006194938
2.3501634447799638
2.3460250859523697
2.343287926795916
2.570474867191391
2.681817187875563
2.220857592698326
2.429529536321719
2.452887393100635
2.7905369193871645
2.426765080890107
2.2030465028332973
2.5253316546424665
2.3867775559007693
2.785472203306388
2.4202013113877188
2.342379360602819
2.377330594802094
2.5973796660846142
2.31045407367449
2.440766760424782
2.4939875255486372
2.5853039720462316
2.423470795952566
2.4499706965642636
2.3642499060585687
2.3817798657452594
2.43455033769677
2.2862634186238875
2.4245661167901686
2.376348027681837
2.4459199525098883
2.4078914631673927
2.66815286356828
2.40631125105928
2.325904913982349
2.5436948071218377
2.3497016749524056
2.387280502664453
2.298805630680495
2.5295009136888438
2.464754100810023
2.351088460000598
2.447651361375494
2.41534277676739
2.3058405688691264
2.3948954461229484
2.442477706098871
2.369531606646434
2.311720854782384
2.3058405688691264
2.63934416762815
2.471421697649896
2.4284216416344098
2.5083781171045882
2.3734135943427876
2.66815286356828
2.340567910711117
2.4617568875206244
2.4505524709069935
2.41534277676739
2.413735269138487
2.291479027049292
2.640244260140813
2.570474867191391
2.3474001619778697
2.2826889582655894
2.3307377805475267
2.2906725375289425
2.570474867191391
2.610641596752451
2.6339824392560423
2.5697082394867556
2.35808959735375
2.559863304816725
2.4116011396258012
2.784215199586886
2.3719537795837446
2.465958801948394
2.2926915764137115
2.453473090400334
2.331622290999714
2.4026462969728746
2.465356033660233
2.4831852039229045
2.5487743326511128
2.4042132060035883
2.408948141260222
2.4482300349879624
2.4401979398039724
2.7288987480042355
2.6140213374038317
2.5451400479960187
2.2870617542933678
2.342833406103562
2.4611599190666253
2.571242850560224
2.536539876234101
2.291882834128038
2.2150646420047337
2.4047367678293887
2.68780755156475
2.360921962709641
2.661478612842401
2.469593086603488
2.4546468599848366
2.4026462969728746
2.457595238463592
2.701077275413367
2.2890640376091116
2.8277469608332138
2.3224235768484354
2.530199698203082
2.446496322178962
2.4629532918086685
2.5524392867375183
2.5184706196585
2.3311798105927126
2.4026462969728746
2.2679129670046625
2.880811529315214
2.3661631007028494
2.4517183628337835
2.4665624079967796
2.4581873237385343
2.4202013113877188
2.375367678547936
2.4026462969728746
2.442477706098871
2.3534096546331624
2.606453575080138
2.5253316546424665
2.3194001321427518
2.5379614633688954
2.478814122633981
2.3734135943427876
2.3984953025817504
2.3887928471360946
2.4273165660205978
2.5628688149564502
2.4401979398039724
2.331622290999714
2.5198341827312483
2.1457547984498
2.2030465028332973
2.397979206880013
2.2967580338563653
2.4251148148819857
2.408948141260222
2.3822770546740926
2.351088460000598
2.7633846733435496
2.472032949660587
2.9691828592322613
2.446496322178962
2.575103271373462
2.8935390183772545
2.3778227132478427
2.253623201468067
2.5090437026477423
2.312567432987889
2.542973986239511
2.4191169300954987
2.375367678547936
2.4965687782106705
2.5281067086972384
2.3000388387459507
2.928839617553446
2.443049522484182
2.4751021813882637
2.4570039592954673
2.622587581234643
2.3685665074005993
2.6558383454897085
2.684802041425025
2.683804809111076
2.5621154852239307
3.12463421142524
2.2799290203585327
2.4384959344306814
2.414270444168506
2.4169562565745717
2.575879490493239
2.549504853398469
2.5553936823615717
2.304590799713419
2.5323028232908467
2.469593086603488
2.464754100810023
2.4946314018443423
2.422378230641993
2.5130587803845783
2.5845107398952933
2.2462869715863123
2.4185757531009813
2.9711087802683
2.4351118044613376
2.8074174546679833
2.495922025325837
2.2996273801818687
2.4436220927476087
2.414270444168506
2.408419480839612
2.440766760424782
2.6031319949737055
2.5621154852239307
2.306257959080882
2.374878332601061
2.4401979398039724
2.3928517036129624
2.308350948586726
2.453473090400334
2.62693490964633
2.4511350256313693
2.2380007201495973
2.941274255804794
2.5697082394867556
2.432870279578748
2.411069241847247
2.822232036161911
2.418035249631211
2.283480744231312
2.3534096546331624
2.5451400479960187
2.5351229272384947
2.30961160108847
2.5281067086972384
2.4888705946981298
2.3112981837204054
2.571242850560224
2.4635527321825155
2.3642499060585687
2.66527990172255
2.485702860144151
2.4351118044613376
2.658649322823537
2.5260237575489457
2.429529536321719
2.35808959735375
2.40631125105928
2.4042132060035883
2.523261939135528
2.5487743326511128
2.5212020404979296
2.410007396619244
2.63934416762815
2.480058520281653
2.437364958578231
2.43455033769677
2.367603548066157
2.3000388387459507
2.4289752356952237
2.6191407815398633
2.5295009136888438
2.4245661167901686
2.517111324395775
2.401085020940646
2.6643264557152273
2.422924169723192
2.5037473628377938
2.5267169651692325
2.3817798657452594
2.212365056113242
2.594937516358434
2.6114840693384713
2.51508032545544
2.684802041425025
2.686803402026297
2.4511350256313693
2.784215199586886
2.4819318279248073
2.573554982810601
2.37979678247356
2.4016048228960605
2.575103271373462
2.3628205208453634
2.346941319376389
2.5057259288198814
2.399529337550962
2.5845107398952933
2.567416442707171
2.7073412467232614
2.472645063196596
2.5689429626686433
2.4939875255486372
2.467772142711862
2.3887928471360946
2.542973986239511
2.412666893490461
2.4985148359041167
2.445344346750474
2.397979206880013
2.7609984339231874
2.3276561037821124
2.876133267037443
2.406837349829737
2.429529536321719
2.414270444168506
2.375367678547936
2.506387459004002
2.6304443791024323
2.421288407028933
2.510377941736807
2.5246406529343934
2.457595238463592
2.505065404765707
2.517111324395775
2.5205175730876865
2.5070499983878793
2.8418486698773573
2.492061604512599
2.467166854137362
2.604789609512388
2.516433268860845
2.6447729193395486
2.3704988553355704
2.3704988553355704
2.4105379947083394
2.3228572209003437
2.5246406529343934
2.556878451267263
2.7550895743126675
2.360921962709641
2.405260961594782
2.473871884582763
2.5553936823615717
2.5097103098114704
2.57201219439632
2.3768390333665894
2.528803251720493
2.488235196659546
2.443049522484182
2.659590372990014
2.4311966956891817
2.7469499481738695
2.5260237575489457
2.4564134840421636
2.5316006493595444
2.390817533702509
2.5973796660846142
2.4202013113877188
2.433429577121474
2.4105379947083394
2.5990154287788734
2.5487743326511128
2.298805630680495
2.574328437123501
2.79309160017658
2.631326195612302
2.590897538556694
2.4617568875206244
2.8623934556231143
2.473871884582763
2.4278687523402542
2.298395338272177
2.636655029117369
2.40631125105928
2.420744519065671
2.59656408935309
2.471421697649896
2.540818674213376
2.8181413200597563
2.6182833390463265
2.4459199525098883
2.5990154287788734
2.412666893490461
2.3948954461229484
2.5057259288198814
2.6295643494560155
2.3928517036129624
2.3571495656406296
2.356680311697728
2.3215575855706616
2.362345102645831
2.314265556292752
2.464754100810023
2.86540940164567
2.505065404765707
2.620860761934137
2.6539744178135503
2.6475129567055773
2.4819318279248073
2.536539876234101
2.5973796660846142
2.5097103098114704
2.4499706965642636
2.819500615322481
2.63934416762815
2.480058520281653
2.689822842800076
2.8505348490624502
2.5253316546424665
2.676887572156593
2.595750041351106
2.686803402026297
2.5553936823615717
2.5451400479960187
2.5212020404979296
2.5697082394867556
2.5198341827312483
2.343287926795916
2.523261939135528
2.544416826376923
2.422378230641993
2.650270391250766
2.4683782760718067
2.5689429626686433
2.4202013113877188
2.7115679903723207
2.422924169723192
2.5422543597585303
2.341925789301118
2.9066507910413812
2.672983775247726
2.430084545319814
2.83192960454539
2.5017777699748893
2.324160757092291
2.4629532918086685
2.4978651806118393
2.693881699276943
2.362345102645831
2.5198341827312483
2.6798386218934747
2.5853039720462316
2.6530454453055383
2.4042132060035883
2.6375495597773986
2.578998315256986
2.430640264502362
2.3451107814422483
2.567416442707171
2.7389600740121316
2.437364958578231
2.5239507489260804
2.4447695028784557
2.516433268860845
2.6662354455225583
2.413735269138487
2.5295009136888438
2.4635527321825155
2.3913251836514897
2.650270391250766
2.6828098614092406
2.445344346750474
2.4401979398039724
2.5090437026477423
2.340567910711117
2.389804010530957
2.5892920118412754
2.6447729193395486
2.694902368329351
2.6384459367352497
2.2886628417543418
2.422924169723192
2.382774813447095
2.5553936823615717
2.3923422672121393
2.416417763657592
2.5017777699748893
2.367603548066157
2.414270444168506
2.5225742200972774
2.620860761934137
2.578998315256986
2.648430157641851
2.5057259288198814
2.6739564396675206
2.4825580637678555
2.570474867191391
2.3004506875031345
2.3025158101861045
2.4384959344306814
2.448809480680196
2.4289752356952237
2.4965687782106705
2.620860761934137
2.5037473628377938
2.5451400479960187
2.3933617382950745
2.6969509310046202
2.483813251005464
2.377330594802094
2.717986252238553
2.563623453690032
2.212028784720597
2.4978651806118393
2.5205175730876865
2.511716292509069
2.4781932583654056
2.5884914687908154
2.42183297698355
2.5727829035283163
2.6429557849650993
2.439629863226045
2.752748358497765
2.462354677679569
2.7742880363538744
2.2748494948292577
2.480058520281653
2.453473090400334
2.5621154852239307
2.478814122633981
2.640244260140813
2.6720132843815185
2.41534277676739
2.476954186249857
2.6375495597773986
2.632209806256694
2.6039600113959356
2.5330061343464205
2.3661631007028494
2.238715020445331
2.5191518660443117
2.4933446024380266
2.5177904402212623
2.6447729193395486
2.399529337550962
2.5689429626686433
2.4240181110620584
2.4105379947083394
2.5295009136888438
2.703155243405905
2.4641530010851316
2.467772142711862
2.8181413200597563
2.5805661670749642
2.6475129567055773
2.4505524709069935
2.7147652648024683
2.4570039592954673
2.503089838894022
2.5295009136888438
2.4447695028784557
2.4751021813882637
2.47571863923755
2.6140213374038317
2.8208641783952295
2.42183297698355
2.4191169300954987
2.446496322178962
2.891927534220675
2.4819318279248073
2.544416826376923
2.4441954188795894
2.808743545719376
2.5004696530765576
2.4763359733598382
2.540818674213376
2.6720132843815185
2.8154354266838313
2.507713550055395
2.7829618235887885
2.527411281035587
2.575879490493239
2.619999920261001
2.642050061004075
2.5933170126801066
2.5024333089399624
2.4570039592954673
2.6148703982449497
2.413200752785594
2.517111324395775
2.3817798657452594
2.5524392867375183
2.5829286088854184
2.5017777699748893
2.560612734652226
2.6918475293664903
2.684802041425025
2.4317538407070978
2.703155243405905
2.689822842800076
2.808743545719376
2.756264932220602
2.610641596752451
2.4517183628337835
2.859398309393755
2.39746372375492
2.798246491342817
2.44707345778802
2.8903220075052567
2.4202013113877188
2.5308996088814086
2.6959254417869296
2.4635527321825155
2.453473090400334
2.5083781171045882
2.478814122633981
2.4991654644631134
2.5070499983878793
2.5130587803845783
2.5198341827312483
2.533710586215237
2.5697082394867556
2.5553936823615717
2.3342866826811255
2.3887928471360946
2.6384459367352497
2.640244260140813
3.0954045937659886
2.822232036161911
2.689822842800076
2.4362369203287053
2.426214295170242
2.511716292509069
2.7190652452951922
2.5509695916567425
2.563623453690032
2.6056207953774
2.4311966956891817
2.467166854137362
2.7829618235887885
2.6671930963668307
2.433429577121474
2.5415359237271935
2.547316967250293
2.5330061343464205
2.830530909352825
2.6039600113959356
2.4482300349879624
2.717986252238553
2.7609984339231874
2.5212020404979296
2.4641530010851316
2.575879490493239
2.4895069237231833
2.40631125105928
2.5502366050154
2.7879971783368918
2.5218875883623073
2.3506257061135516
2.333396734660889
2.635762337165028
2.7245007916165473
2.448809480680196
2.418035249631211
2.7115679903723207
2.472645063196596
2.5316006493595444
2.7115679903723207
2.6330952183511487
2.5941265086868923
2.542973986239511
2.4116011396258012
2.6643264557152273
2.6251907527562723
2.442477706098871
2.8140887760485596
2.544416826376923
2.557622743620648
2.5177904402212623
2.4505524709069935
2.6023055542259232
2.8776870951060647
2.5323028232908467
2.4323117013899735
2.4978651806118393
2.390817533702509
2.497216495678836
2.939475932399231
2.745799498542437
2.7539173887646164
2.5253316546424665
2.6056207953774
2.5651366764122723
2.4665624079967796
2.558368313729774
2.7311145409837954
2.7755165929918397
2.785472203306388
2.833332818954828
2.337864824296661
2.4026462969728746
2.6700787846043186
2.276796134044954
2.4581873237385343
2.5689429626686433
2.4540595786486863
2.545864475990351
2.5358308238612475
2.4850720764720364
2.6928634233546385
2.617427586095743
2.465356033660233
2.4952762341556856
2.6918475293664903
2.5524392867375183
2.651193440443945
2.484442207642407
2.7277950765540884
2.512387017710962
2.5546531971320476
2.5191518660443117
2.356680311697728
2.7504196961791822
2.4933446024380266
2.6339824392560423
2.7277950765540884
2.544416826376923
2.678852708911824
2.4806820587691
2.6990092025439942
2.779223254029387
2.6539744178135503
2.4196587822954245
2.950379295409556
2.452887393100635
2.5401026073044046
2.480058520281653
2.5137315837443945
2.536539876234101
2.5553936823615717
2.7492600306519437
2.459373921421802
2.4850720764720364
2.789265192323527
2.5990154287788734
2.798246491342817
2.6720132843815185
2.7767486349015313
2.7829618235887885
2.559115165989332
2.4965687782106705
2.6828098614092406
2.4073640866825468
2.627809621889465
2.4499706965642636
2.5198341827312483
2.6295643494560155
2.533710586215237
2.5487743326511128
2.6549053816896624
2.657710307361709
2.622587581234643
2.352944422149569
2.4511350256313693
2.5797815336512326
2.51508032545544
2.5044058837856524
2.701077275413367
2.601480683167116
2.47571863923755
2.530199698203082
2.768196849801343
2.6295643494560155
2.7052432016675696
2.7000420079817617
2.689822842800076
2.916751117945707
2.507713550055395
2.604789609512388
2.3928517036129624
2.6778690290305707
2.560612734652226
2.4946314018443423
2.5546531971320476
2.4169562565745717
2.568179031984591
2.4813064937895484
2.636655029117369
2.578998315256986
2.5892920118412754
2.640244260140813
2.595750041351106
2.495922025325837
2.5813522206504635
2.7094494765035932
2.6558383454897085
2.58689479610302
2.582139699527877
2.9033355498899045
2.4289752356952237
2.66527990172255
2.406837349829737
2.5323028232908467
2.607287954744863
2.547316967250293
2.7706230822674693
2.5884914687908154
2.616573516042904
2.4665624079967796
2.549504853398469
2.6304443791024323
2.5860986556749253
2.4763359733598382
2.6798386218934747
2.548045038639426
2.497216495678836
2.553913972303524
2.575879490493239
2.486334561320112
2.6567733178247814
2.37979678247356
2.610641596752451
2.5260237575489457
2.4629532918086685
2.5351229272384947
2.472032949660587
2.5415359237271935
2.635762337165028
2.4284216416344098
2.5860986556749253
2.5198341827312483
2.38929813454842
2.469593086603488
2.5177904402212623
2.5225742200972774
2.648430157641851
2.642050061004075
2.791812381337407
2.4806820587691
2.5465901143912517
2.598196777298193
2.642050061004075
2.5401026073044046
3.0928423770013884
2.5853039720462316
2.361870204313214
2.5393877191069274
2.6671930963668307
2.501123219011645
2.678852708911824
2.6081239405312044
2.6530454453055383
2.6778690290305707
2.4939875255486372
2.6720132843815185
2.6438634017675433
2.5797815336512326
2.5797815336512326
2.686803402026297
2.517111324395775
2.7550895743126675
2.3724398394911157
2.642050061004075
2.471421697649896
2.5853039720462316
2.360921962709641
2.413200752785594
2.538674005746787
2.5083781171045882
2.6330952183511487
2.590094033273093
2.9467143413231502
2.9083179504088443
2.8034633046039437
2.556878451267263
2.8154354266838313
2.6739564396675206
2.5487743326511128
2.42183297698355
2.4401979398039724
2.7041979677529198
2.4419066416090898
2.7633846733435496
2.4641530010851316
2.62693490964633
2.663375098309812
2.5487743326511128
2.492061604512599
2.93768502478135
2.488235196659546
2.652118455664579
2.7742880363538744
2.5805661670749642
2.7779841819138382
2.570474867191391
2.507713550055395
2.7389600740121316
2.5845107398952933
2.701077275413367
2.5344161826042457
2.6858015688671517
2.511716292509069
2.84617004366
2.590094033273093
2.7755165929918397
2.560612734652226
2.932356191276283
2.7288987480042355
2.453473090400334
2.559115165989332
2.7234082263059745
2.553913972303524
2.7435077017628524
2.578216506797605
2.491421524099161
2.5017777699748893
2.72559611245415
2.51508032545544
2.560612734652226
2.7943745981020074
2.6217233133237348
2.688814028218931
2.6465976887547957
2.582139699527877
2.93768502478135
2.856423678025553
2.853469282401499
2.7277950765540884
2.8263616503064473
2.859398309393755
2.6140213374038317
2.676887572156593
2.5177904402212623
2.7755165929918397
2.672983775247726
2.578998315256986
2.83192960454539
2.44707345778802
2.663375098309812
2.573554982810601
2.701077275413367
2.676887572156593
2.5546531971320476
2.476954186249857
2.5465901143912517
2.8249807445900617
2.8404177147709087
2.8608933004807064
2.5884914687908154
2.5998356263444764
2.5933170126801066
2.5379614633688954
2.560612734652226
2.83192960454539
2.613173933267846
2.8490750343034073
2.651193440443945
2.6251907527562723
2.559863304816725
2.3501634447799638
2.553913972303524
2.573554982810601
2.808743545719376
2.5144054310198505
2.693881699276943
2.650270391250766
2.58689479610302
2.4683782760718067
2.486334561320112
2.582139699527877
2.5130587803845783
2.60065737584585
2.6749312873987305
2.8404177147709087
2.659590372990014
2.515756270310809
2.547316967250293
2.66815286356828
2.7767486349015313
2.6493492997455745
2.506387459004002
3.1273916459704285
2.342833406103562
2.626061955619945
2.560612734652226
2.8208641783952295
2.7147652648024683
2.58689479610302
2.471421697649896
2.5628688149564502
2.730005231359205
2.86540940164567
2.5973796660846142
2.657710307361709
2.4401979398039724
2.63934416762815
2.417495418011794
2.6691147565017017
2.6114840693384713
2.6720132843815185
2.7645827278464967
2.6182833390463265
2.6140213374038317
2.6447729193395486
2.844724802785819
2.616573516042904
2.7169099332690574
2.5415359237271935
2.512387017710962
2.5502366050154
2.689822842800076
2.5524392867375183
2.758625234127573
2.491421524099161
2.5845107398952933
2.6123281793843867
2.9000454244428546
2.7779841819138382
2.5415359237271935
2.549504853398469
2.4933446024380266
2.789265192323527
2.8389914590328766
2.5973796660846142
2.806095400429688
2.6056207953774
2.604789609512388
2.4635527321825155
2.465356033660233
2.5246406529343934
2.717986252238553
2.885540735559274
2.624321294043644
2.9184575817597245
2.556135432297482
2.672983775247726
2.551703817498407
2.512387017710962
2.7969520209898184
2.648430157641851
2.726694202753202
2.5090437026477423
3.1740721857242824
2.713696889154442
2.6749312873987305
2.756264932220602
2.5502366050154
2.710507441659927
2.6023055542259232
2.659590372990014
2.5805661670749642
2.5689429626686433
2.5829286088854184
2.4505524709069935
2.4317538407070978
2.81678626597479
2.6039600113959356
2.5218875883623073
2.651193440443945
2.616573516042904
2.5941265086868923
3.0179399289330386
2.564379405981689
2.676887572156593
2.6749312873987305
2.622587581234643
2.5628688149564502
2.830530909352825
2.590094033273093
2.8008470648733423
2.689822842800076
2.8291367043612197
2.7412279354679536
2.657710307361709
2.5205175730876865
2.6539744178135503
2.5351229272384947
2.658649322823537
2.722318402692914
2.511046601579293
2.473871884582763
2.6251907527562723
2.57201219439632
2.9730432800455
3.060840208649233
3.1273916459704285
2.536539876234101
2.5083781171045882
3.0288250722180696
2.701077275413367
2.7829618235887885
2.7905369193871645
2.871504862855372
2.473258040689893
2.5184706196585
2.650270391250766
2.659590372990014
2.6081239405312044
2.6798386218934747
2.7389600740121316
2.7094494765035932
2.689822842800076
2.722318402692914
2.604789609512388
2.6182833390463265
2.492061604512599
2.5184706196585
2.4689852565785815
2.8684464383711523
2.590094033273093
2.7126311352897825
2.63934416762815
2.959679318487518
2.822232036161911
2.9000454244428546
2.8291367043612197
2.7245007916165473
2.627809621889465
2.8389914590328766
2.681817187875563
2.5246406529343934
2.8432843554225116
2.726694202753202
2.5253316546424665
2.657710307361709
2.5316006493595444
2.6304443791024323
2.613173933267846
2.574328437123501
2.9949116949409245
2.479435875756501
2.4511350256313693
2.7000420079817617
2.485702860144151
2.6411462220058306
2.5666551901338144
2.752748358497765
2.6959254417869296
2.6339824392560423
2.5933170126801066
2.6539744178135503
2.6089615386344294
2.93412521401513
2.538674005746787
2.7435077017628524
2.595750041351106
2.6182833390463265
2.9990088430819695
2.7481034534520012
2.7435077017628524
2.624321294043644
2.632209806256694
2.5774361032059336
2.8505348490624502
2.441336327040062
2.710507441659927
2.6081239405312044
2.702115016604627
2.6234535725124166
2.6286860994460937
2.6691147565017017
2.560612734652226
2.607287954744863
2.556878451267263
2.5933170126801066
2.7378305688711615
2.4482300349879624
2.745799498542437
3.1834122119784256
2.557622743620648
2.6662354455225583
2.7657840964740044
2.6928634233546385
2.652118455664579
2.663375098309812
2.857908446931244
2.6089615386344294
2.5933170126801066
2.690834006194938
2.856423678025553
2.640244260140813
2.830530909352825
2.9000454244428546
2.6411462220058306
2.4781932583654056
2.59656408935309
2.798246491342817
2.660533466698088
2.6191407815398633
2.7539173887646164
2.745799498542437
2.473258040689893
2.6023055542259232
2.615721122281726
2.6979788474179887
2.710507441659927
2.4933446024380266
2.8034633046039437
2.469593086603488
2.624321294043644
2.510377941736807
2.59656408935309
2.955935377353643
2.7126311352897825
2.4196587822954245
2.8505348490624502
2.8839586045493997
2.726694202753202
2.7504196961791822
2.663375098309812
2.7435077017628524
3.1385998675620637
2.7169099332690574
2.7212313070517
2.7669887976123753
3.4368005732071807
2.2943135931708842
2.515756270310809
2.7169099332690574
2.4869671826729105
2.5198341827312483
2.9578033134887627
2.433989595873352
2.7378305688711615
2.6023055542259232
2.732226691353163
2.63934416762815
2.506387459004002
2.6330952183511487
2.651193440443945
2.619999920261001
2.5727829035283163
2.681817187875563
3.0244382219699557
2.7190652452951922
2.6123281793843867
2.6217233133237348
2.540818674213376
2.595750041351106
2.571242850560224
2.7645827278464967
2.708394082346528
2.735580333360751
2.651193440443945
2.676887572156593
2.445344346750474
2.5973796660846142
2.640244260140813
2.6031319949737055
2.6710449573763393
2.7767486349015313
2.622587581234643
2.617427586095743
2.616573516042904
2.244472115280814
2.8418486698773573
2.733341697053955
2.703155243405905
2.559115165989332
2.6475129567055773
2.6251907527562723
2.8389914590328766
2.785472203306388
2.6191407815398633
2.681817187875563
2.7657840964740044
2.68780755156475
2.547316967250293
2.6979788474179887
2.7879971783368918
2.452887393100635
2.5415359237271935
2.799544831568098
2.6081239405312044
2.7492600306519437
2.690834006194938
2.530199698203082
2.636655029117369
2.315117114373236
2.7742880363538744
2.6749312873987305
2.822232036161911
2.8375698718980824
2.469593086603488
2.7052432016675696
2.62693490964633
2.891927534220675
2.7400925244110397
2.645684345659169
2.5805661670749642
2.7469499481738695
2.7469499481738695
2.598196777298193
2.6286860994460937
2.6969509310046202
2.651193440443945
2.358560377326033
2.6671930963668307
2.636655029117369
2.6411462220058306
2.684802041425025
2.7052432016675696
2.5813522206504635
2.642050061004075
2.5917025331929238
2.5666551901338144
2.6411462220058306
2.66527990172255
2.613173933267846
2.610641596752451
2.6858015688671517
2.8154354266838313
2.8476201100552325
2.9218907575981183
2.465958801948394
2.6720132843815185
2.686803402026297
2.6148703982449497
2.6778690290305707
2.610641596752451
2.6098007552857196
2.6778690290305707
2.7469499481738695
2.6438634017675433
2.8638988106204315
2.5727829035283163
2.7633846733435496
2.8432843554225116
2.701077275413367
2.880811529315214
2.58371895392957
2.642050061004075
2.6465976887547957
2.7905369193871645
2.8140887760485596
2.6031319949737055
2.6530454453055383
2.6798386218934747
2.544416826376923
2.811407937400788
2.619999920261001
2.8505348490624502
2.636655029117369
2.8263616503064473
2.645684345659169
2.571242850560224
2.732226691353163
2.834740581879218
2.7277950765540884
2.626061955619945
2.7073412467232614
2.557622743620648
2.617427586095743
2.808743545719376
2.916751117945707
2.722318402692914
2.9888375472287314
3.2127015880804133
2.7277950765540884
2.58689479610302
2.6662354455225583
2.683804809111076
2.6990092025439942
2.5998356263444764
2.3758575764926118
2.798246491342817
2.5797815336512326
2.66527990172255
2.7742880363538744
2.730005231359205
2.7718413004067872
2.6928634233546385
2.483813251005464
2.652118455664579
2.859398309393755
2.6295643494560155
2.6411462220058306
2.7669887976123753
2.7539173887646164
2.6671930963668307
2.7730629453245683
2.7115679903723207
2.789265192323527
2.6148703982449497
2.538674005746787
2.51508032545544
2.7817120544330813
2.836152922902476
2.516433268860845
2.6465976887547957
2.708394082346528
2.642050061004075
2.4351118044613376
2.6295643494560155
2.672983775247726
2.657710307361709
2.830530909352825
2.51508032545544
2.7412279354679536
2.9218907575981183
2.72559611245415
2.6828098614092406
3.0584734753701257
2.6710449573763393
3.2441100523320374
2.857908446931244
2.717986252238553
2.789265192323527
2.578998315256986
2.575103271373462
2.6530454453055383
2.6828098614092406
2.5260237575489457
2.996955437450911
2.5628688149564502
2.7598102129852515
2.683804809111076
2.7943745981020074
2.5198341827312483
2.528803251720493
2.681817187875563
2.7829618235887885
2.556135432297482
2.642050061004075
2.6710449573763393
2.836152922902476
2.7609984339231874
2.63934416762815
2.5853039720462316
2.7829618235887885
2.622587581234643
2.4351118044613376
2.9218907575981183
2.7669887976123753
2.645684345659169
2.6858015688671517
2.3948954461229484
2.8505348490624502
2.686803402026297
2.859398309393755
2.7378305688711615
2.6700787846043186
2.6234535725124166
2.51508032545544
2.6447729193395486
2.6330952183511487
2.594937516358434
3.0157952604664495
2.836152922902476
2.8839586045493997
2.8669252652506194
2.7344595727854553
2.726694202753202
2.5892920118412754
2.5941265086868923
2.5415359237271935
2.81678626597479
2.7147652648024683
2.6720132843815185
2.789265192323527
2.93768502478135
2.6624258203757933
2.8745849784745823
2.678852708911824
2.659590372990014
2.507713550055395
2.6624258203757933
2.786732855808132
2.786732855808132
2.7115679903723207
2.873042190060301
3.0052279634169006
2.68780755156475
2.703155243405905
2.613173933267846
2.6375495597773986
2.822232036161911
2.717986252238553
2.742366322704043
2.440766760424782
2.5829286088854184
2.4362369203287053
2.5853039720462316
2.6808267781375408
2.7598102129852515
2.7829618235887885
2.627809621889465
2.4641530010851316
3.0827420500970626
2.7400925244110397
2.66815286356828
2.7633846733435496
2.6039600113959356
2.810073698311723
2.663375098309812
2.811407937400788
2.5813522206504635
2.6979788474179887
2.7633846733435496
2.6928634233546385
2.7669887976123753
2.616573516042904
2.757443479706145
2.713696889154442
2.882382216314445
3.026626108118131
2.8404177147709087
2.7311145409837954
2.6808267781375408
2.757443479706145
2.752748358497765
2.7435077017628524
2.511716292509069
2.8208641783952295
2.7288987480042355
2.7550895743126675
2.6710449573763393
2.6465976887547957
2.6739564396675206
2.7378305688711615
2.594937516358434
2.9990088430819695
2.626061955619945
2.694902368329351
2.7073412467232614
2.553913972303524
2.7718413004067872
2.578998315256986
2.556135432297482
2.6778690290305707
2.752748358497765
2.6798386218934747
2.6123281793843867
3.0728712960707685
2.6429557849650993
2.9485429523695585
2.9653564513792086
2.6098007552857196
2.7481034534520012
2.6549053816896624
2.651193440443945
2.658649322823537
2.6191407815398633
2.72014692575948
2.9253512897076246
2.6530454453055383
2.758625234127573
2.4825580637678555
2.635762337165028
2.688814028218931
2.8375698718980824
2.622587581234643
2.7515824665709747
2.5344161826042457
2.8034633046039437
2.690834006194938
2.592509022713273
2.768196849801343
2.7234082263059745
2.7147652648024683
2.856423678025553
2.950379295409556
2.6700787846043186
2.613173933267846
2.5083781171045882
3.001072003645743
2.6339824392560423
2.923617576898624
2.6447729193395486
2.7115679903723207
2.464754100810023
2.506387459004002
2.7062909572587635
2.7311145409837954
2.703155243405905
2.660533466698088
2.690834006194938
2.6662354455225583
2.756264932220602
2.6217233133237348
2.7389600740121316
2.389804010530957
2.768196849801343
2.8418486698773573
2.785472203306388
2.7550895743126675
2.4895069237231833
2.6429557849650993
2.6567733178247814
2.7469499481738695
2.6828098614092406
2.8984096617485955
2.7645827278464967
2.604789609512388
2.3793024233058904
2.6330952183511487
2.6191407815398633
2.6114840693384713
2.5465901143912517
2.785472203306388
2.8263616503064473
2.6567733178247814
3.0052279634169006
2.7126311352897825
2.7245007916165473
2.574328437123501
2.8951565043508736
2.7212313070517
3.0877628514721134
2.6959254417869296
2.657710307361709
2.7969520209898184
2.7041979677529198
2.6234535725124166
2.6330952183511487
2.690834006194938
2.955935377353643
2.59656408935309
3.0753180320178557
2.844724802785819
2.7094494765035932
2.5797815336512326
2.7804658714204824
2.4570039592954673
2.7550895743126675
2.6567733178247814
2.7041979677529198
2.66527990172255
2.8263616503064473
2.804777358501775
2.7492600306519437
2.811407937400788
2.911671592416432
2.785472203306388
2.851999587320724
2.6759083282650424
2.786732855808132
2.819500615322481
2.7052432016675696
2.642050061004075
2.7094494765035932
2.68780755156475
2.659590372990014
2.8608933004807064
2.659590372990014
2.5892920118412754
2.768196849801343
2.859398309393755
2.7245007916165473
2.66815286356828
2.9578033134887627
2.5083781171045882
2.5990154287788734
2.7767486349015313
2.6662354455225583
2.9653564513792086
2.689822842800076
2.5853039720462316
2.559115165989332
2.689822842800076
2.6465976887547957
2.7126311352897825
2.7969520209898184
2.6123281793843867
2.786732855808132
2.6493492997455745
2.6447729193395486
2.565895269586638
2.6493492997455745
2.626061955619945
2.5973796660846142
2.733341697053955
2.432870279578748
2.62693490964633
2.5057259288198814
2.5853039720462316
2.9653564513792086
2.678852708911824
2.3666427191744592
2.7000420079817617
2.6928634233546385
2.857908446931244
2.752748358497765
2.8263616503064473
2.7412279354679536
2.7000420079817617
2.6384459367352497
2.768196849801343
2.8432843554225116
2.7367039937079074
2.7481034534520012
2.702115016604627
2.9540754409695196
2.6759083282650424
2.836152922902476
2.6384459367352497
2.7378305688711615
3.0052279634169006
2.648430157641851
2.8638988106204315
2.756264932220602
2.806095400429688
2.652118455664579
2.84617004366
2.5990154287788734
2.6979788474179887
2.615721122281726
2.7234082263059745
2.686803402026297
2.7234082263059745
2.7779841819138382
2.7943745981020074
2.804777358501775
2.9000454244428546
2.672983775247726
2.6700787846043186
2.7245007916165473
2.676887572156593
2.6710449573763393
2.7669887976123753
2.663375098309812
2.7169099332690574
2.745799498542437
2.710507441659927
2.703155243405905
2.7706230822674693
2.7126311352897825
2.7779841819138382
2.7598102129852515
2.715836275164994
2.530199698203082
2.6798386218934747
2.681817187875563
2.683804809111076
2.804777358501775
2.6375495597773986
2.730005231359205
2.9485429523695585
2.4311966956891817
2.722318402692914
2.7062909572587635
2.757443479706145
2.701077275413367
3.026626108118131
3.011537437323908
2.6304443791024323
3.039990069676113
2.8505348490624502
2.72014692575948
2.7943745981020074
2.7905369193871645
2.6114840693384713
2.726694202753202
2.6749312873987305
2.804777358501775
2.8008470648733423
2.932356191276283
2.708394082346528
2.5451400479960187
2.688814028218931
2.8291367043612197
2.5253316546424665
2.6089615386344294
2.7277950765540884
2.873042190060301
2.681817187875563
2.6191407815398633
2.857908446931244
2.5553936823615717
2.4744865973278585
2.6928634233546385
2.7905369193871645
3.5037473628377938
2.7718413004067872
2.742366322704043
2.701077275413367
2.9485429523695585
2.6739564396675206
2.752748358497765
2.927091951283926
3.0827420500970626
2.8684464383711523
2.7779841819138382
2.9769383239290237
2.8208641783952295
2.491421524099161
2.4581873237385343
2.830530909352825
2.891927534220675
2.6558383454897085
2.604789609512388
2.742366322704043
2.810073698311723
2.710507441659927
3.306257959080882
2.652118455664579
2.58371895392957
2.7829618235887885
3.0157952604664495
2.819500615322481
2.6828098614092406
2.769408271735788
2.661478612842401
2.8389914590328766
2.6384459367352497
2.6348714763769516
2.6759083282650424
2.6691147565017017
2.768196849801343
2.810073698311723
2.7969520209898184
2.9099915342984106
2.7062909572587635
2.7755165929918397
2.93768502478135
2.854943967967505
2.833332818954828
2.8432843554225116
2.702115016604627
2.8432843554225116
2.648430157641851
2.7504196961791822
2.693881699276943
2.873042190060301
3.0514496918431635
2.6295643494560155
2.836152922902476
2.6798386218934747
3.12463421142524
2.598196777298193
2.8208641783952295
2.9615634623620695
2.7539173887646164
2.757443479706145
3.026626108118131
2.798246491342817
3.359503471034107
2.439629863226045
2.6624258203757933
2.6662354455225583
2.9000454244428546
2.8375698718980824
2.717986252238553
2.642050061004075
2.6251907527562723
2.810073698311723
2.8490750343034073
3.0877628514721134
2.871504862855372
2.81274628817305
2.5422543597585303
2.7400925244110397
3.155973963631486
2.6691147565017017
2.9691828592322613
2.798246491342817
2.4763359733598382
2.693881699276943
2.891927534220675
2.7469499481738695
2.857908446931244
2.6918475293664903
2.879246502461586
2.913358175048368
2.7804658714204824
2.7956613975083235
2.6798386218934747
2.6739564396675206
2.686803402026297
2.7645827278464967
3.3642499060585687
2.701077275413367
2.497216495678836
2.8684464383711523
2.7073412467232614
2.658649322823537
2.7657840964740044
2.745799498542437
2.733341697053955
2.7147652648024683
2.7378305688711615
2.6375495597773986
2.8608933004807064
2.911671592416432
2.8951565043508736
3.31045407367449
2.7435077017628524
2.83192960454539
2.6959254417869296
2.7469499481738695
2.7389600740121316
2.9467143413231502
2.7755165929918397
2.7504196961791822
2.742366322704043
2.693881699276943
2.62693490964633
2.6031319949737055
2.769408271735788
2.6798386218934747
2.819500615322481
2.857908446931244
2.8505348490624502
2.834740581879218
2.7905369193871645
2.5218875883623073
2.7657840964740044
2.810073698311723
2.8404177147709087
2.606453575080138
2.607287954744863
2.7245007916165473
2.830530909352825
2.808743545719376
2.615721122281726
2.8684464383711523
2.8404177147709087
3.105807354165756
2.9253512897076246
3.0031450122686083
2.8154354266838313
2.8745849784745823
2.7400925244110397
2.5998356263444764
2.6691147565017017
2.769408271735788
2.8140887760485596
2.701077275413367
2.7767486349015313
2.9615634623620695
2.683804809111076
2.8505348490624502
2.6056207953774
2.791812381337407
2.6140213374038317
2.660533466698088
2.8263616503064473
2.6567733178247814
2.690834006194938
2.911671592416432
2.7550895743126675
2.6295643494560155
2.7645827278464967
2.8277469608332138
2.6979788474179887
2.84617004366
2.804777358501775
2.6969509310046202
2.5933170126801066
2.688814028218931
2.6969509310046202
2.7829618235887885
3.053778354161746
2.9888375472287314
2.8034633046039437
2.9730432800455
2.8745849784745823
2.93412521401513
2.8236042157612586
2.7492600306519437
2.915051333067813
2.7190652452951922
2.506387459004002
2.742366322704043
2.6959254417869296
2.5853039720462316
2.8745849784745823
2.4362369203287053
2.6759083282650424
2.4869671826729105
2.830530909352825
2.8608933004807064
2.6411462220058306
2.8839586045493997
2.784215199586886
2.9305943451199967
2.6375495597773986
2.6098007552857196
2.851999587320724
2.722318402692914
2.715836275164994
2.779223254029387
2.8623934556231143
2.6643264557152273
2.9711087802683
2.8021532146756263
2.726694202753202
2.5941265086868923
2.72014692575948
2.678852708911824
2.891927534220675
2.822232036161911
2.84617004366
2.9184575817597245
2.996955437450911
2.6990092025439942
2.7234082263059745
2.8699729583326246
2.799544831568098
2.6720132843815185
2.758625234127573
2.79309160017658
2.7767486349015313
2.810073698311723
2.8638988106204315
3.0288250722180696
2.752748358497765
2.7742880363538744
2.7718413004067872
2.791812381337407
2.9448933974315246
2.726694202753202
2.7817120544330813
2.6191407815398633
2.8684464383711523
2.610641596752451
2.8236042157612586
2.6979788474179887
2.6969509310046202
2.8140887760485596
2.8249807445900617
2.683804809111076
3.4042132060035883
2.7311145409837954
2.7277950765540884
2.8008470648733423
2.617427586095743
3.0827420500970626
2.7515824665709747
2.5774361032059336
2.8903220075052567
2.578998315256986
3.0031450122686083
2.798246491342817
2.7550895743126675
2.810073698311723
2.789265192323527
2.8021532146756263
2.6691147565017017
2.7598102129852515
3.341020065340094
2.8034633046039437
2.932356191276283
2.986831564531133
2.928839617553446
2.4819318279248073
3.297985433114892
2.8476201100552325
2.856423678025553
3.1771632627014244
2.7706230822674693
2.7277950765540884
2.7062909572587635
2.6990092025439942
2.690834006194938
2.742366322704043
2.806095400429688
2.7779841819138382
3.0777786305655126
2.896780037015087
2.7504196961791822
2.915051333067813
2.6089615386344294
3.1619232961446873
2.836152922902476
2.7212313070517
2.7190652452951922
2.8476201100552325
2.710507441659927
3.4256642070892207
2.7767486349015313
2.6081239405312044
2.606453575080138
2.7389600740121316
2.8745849784745823
2.8418486698773573
2.851999587320724
3.0031450122686083
2.6749312873987305
2.7041979677529198
2.757443479706145
2.7742880363538744
3.0979820166537997
2.856423678025553
2.4876007268872367
2.6739564396675206
2.7481034534520012
2.730005231359205
2.891927534220675
2.928839617553446
2.8887223943454634
3.1357705775431994
2.8951565043508736
2.8277469608332138
2.836152922902476
2.7435077017628524
2.758625234127573
2.722318402692914
2.7767486349015313
2.8208641783952295
2.7041979677529198
2.652118455664579
2.9033355498899045
2.799544831568098
2.927091951283926
2.758625234127573
2.9990088430819695
2.8951565043508736
2.9305943451199967
2.4016048228960605
2.7288987480042355
2.5465901143912517
2.7905369193871645
2.7633846733435496
2.916751117945707
2.6828098614092406
2.7469499481738695
2.804777358501775
2.7550895743126675
2.51508032545544
2.7389600740121316
2.851999587320724
2.607287954744863
2.996955437450911
2.8389914590328766
2.7706230822674693
2.8432843554225116
2.83192960454539
2.8699729583326246
2.9485429523695585
2.854943967967505
2.7412279354679536
2.8375698718980824
2.6959254417869296
2.769408271735788
2.8871286513389065
2.8140887760485596
2.7609984339231874
2.7669887976123753
2.8432843554225116
2.8776870951060647
2.8277469608332138
2.672983775247726
2.8140887760485596
2.7169099332690574
2.6286860994460937
2.8021532146756263
2.7956613975083235
3.031035227023186
2.84617004366
2.7277950765540884
2.8745849784745823
2.785472203306388
2.833332818954828
2.8490750343034073
2.7956613975083235
2.896780037015087
2.730005231359205
3.0157952604664495
2.7943745981020074
3.1218941740592108
2.7829618235887885
2.7311145409837954
2.7657840964740044
3.0753180320178557
2.752748358497765
2.8505348490624502
2.804777358501775
3.0031450122686083
2.7598102129852515
2.7378305688711615
2.6979788474179887
2.830530909352825
2.871504862855372
2.8776870951060647
2.74465208841159
3.297985433114892
2.86540940164567
2.7073412467232614
2.732226691353163
2.941274255804794
2.659590372990014
2.935901472040933
2.74465208841159
2.690834006194938
3.144314351086493
2.7000420079817617
2.8432843554225116
2.81678626597479
2.871504862855372
3.0728712960707685
2.6182833390463265
2.836152922902476
2.8776870951060647
2.7147652648024683
2.7169099332690574
2.9066507910413812
2.7657840964740044
2.6759083282650424
2.7657840964740044
3.0902951879875085
2.663375098309812
2.880811529315214
2.911671592416432
2.9099915342984106
2.769408271735788
2.83192960454539
2.879246502461586
2.5553936823615717
2.8375698718980824
2.7504196961791822
2.7730629453245683
2.694902368329351
2.941274255804794
3.359503471034107
2.791812381337407
2.6123281793843867
2.853469282401499
2.9033355498899045
2.6671930963668307
2.822232036161911
2.745799498542437
2.9218907575981183
2.974986435331502
2.853469282401499
2.6739564396675206
2.6778690290305707
2.7190652452951922
2.769408271735788
2.955935377353643
2.9485429523695585
2.86540940164567
2.672983775247726
2.8887223943454634
2.684802041425025
3.196186500014855
3.053778354161746
2.9653564513792086
2.9253512897076246
3.0244382219699557
2.735580333360751
3.3320652226871674
2.8154354266838313
3.0777786305655126
2.854943967967505
2.876133267037443
3.0244382219699557
2.808743545719376
2.511716292509069
2.7742880363538744
3.031035227023186
2.769408271735788
3.065612723510478
2.830530909352825
3.0902951879875085
2.8608933004807064
3.0288250722180696
2.876133267037443
2.84617004366
2.834740581879218
2.9016873715098312
2.7730629453245683
2.8277469608332138
2.7706230822674693
2.7094494765035932
2.5344161826042457
2.7126311352897825
2.7657840964740044
2.7126311352897825
2.7126311352897825
2.9540754409695196
2.7147652648024683
2.68780755156475
2.9788990246945515
2.7905369193871645
2.5553936823615717
2.9848348047750575
2.6447729193395486
2.834740581879218
2.8505348490624502
2.8839586045493997
2.810073698311723
2.752748358497765
2.8034633046039437
2.7344595727854553
2.9672654411865396
2.7504196961791822
2.844724802785819
3.1501050299673885
3.0514496918431635
2.732226691353163
2.6567733178247814
2.8263616503064473
2.5613634599591335
2.7804658714204824
2.703155243405905
3.1164654223478125
2.941274255804794
2.786732855808132
2.7115679903723207
2.982847183539544
2.9888375472287314
2.735580333360751
2.882382216314445
2.7515824665709747
2.9000454244428546
2.4436220927476087
2.943080056668056
2.7492600306519437
2.854943967967505
2.7817120544330813
2.904990007059917
3.039990069676113
3.0584734753701257
2.859398309393755
2.9099915342984106
2.567416442707171
2.6749312873987305
3.0073209529227447
3.031035227023186
2.880811529315214
2.904990007059917
2.916751117945707
3.085245195250867
2.6429557849650993
2.7412279354679536
2.7755165929918397
2.856423678025553
2.8984096617485955
2.6739564396675206
2.6217233133237348
2.7621899147306066
3.14144771043489
2.8263616503064473
2.7277950765540884
2.916751117945707
2.7657840964740044
2.6191407815398633
2.8074174546679833
2.8669252652506194
2.798246491342817
2.5436948071218377
2.798246491342817
2.916751117945707
2.632209806256694
2.8418486698773573
3.0827420500970626
2.7706230822674693
2.982847183539544
2.84617004366
2.7706230822674693
3.497216495678836
2.844724802785819
2.8871286513389065
2.8208641783952295
2.9218907575981183
2.7657840964740044
2.808743545719376
2.980868617557456
2.9672654411865396
2.943080056668056
2.756264932220602
2.6549053816896624
2.7435077017628524
2.66527990172255
2.8140887760485596
2.8236042157612586
2.891927534220675
2.732226691353163
2.735580333360751
2.7435077017628524
2.915051333067813
2.9305943451199967
2.81678626597479
2.8505348490624502
2.822232036161911
3.0584734753701257
2.7609984339231874
2.950379295409556
2.6918475293664903
2.7829618235887885
2.756264932220602
2.9448933974315246
2.627809621889465
2.9083179504088443
2.7052432016675696
2.8745849784745823
3.251409291073537
2.959679318487518
2.854943967967505
2.7742880363538744
2.7515824665709747
2.8208641783952295
3.1897523900094447
2.7115679903723207
2.799544831568098
2.8935390183772545
2.7755165929918397
2.7598102129852515
3.0288250722180696
2.7905369193871645
2.7344595727854553
2.873042190060301
2.7755165929918397
3.0136611309537638
2.635762337165028
2.9730432800455
2.8935390183772545
2.74465208841159
2.81274628817305
2.563623453690032
3.009424078010509
2.8476201100552325
2.7829618235887885
2.733341697053955
3.1191713157237375
2.768196849801343
2.7669887976123753
2.742366322704043
2.769408271735788
2.9522234361079263
2.7779841819138382
2.7804658714204824
2.939475932399231
3.510377941736807
2.8699729583326246
2.726694202753202
2.819500615322481
2.7621899147306066
2.859398309393755
2.5813522206504635
3.0584734753701257
2.913358175048368
3.2625934580260507
2.873042190060301
3.0514496918431635
2.7052432016675696
2.9788990246945515
3.281898613221437
2.81274628817305
2.742366322704043
2.538674005746787
3.0031450122686083
2.822232036161911
2.5083781171045882
2.72559611245415
2.915051333067813
2.876133267037443
2.8034633046039437
2.7344595727854553
2.9033355498899045
2.9788990246945515
2.66815286356828
2.7742880363538744
2.93412521401513
2.8432843554225116
2.72014692575948
2.8608933004807064
2.7645827278464967
2.8208641783952295
2.7669887976123753
2.856423678025553
2.6691147565017017
2.9218907575981183
2.9253512897076246
2.7344595727854553
2.8476201100552325
2.7633846733435496
2.836152922902476
2.963455816039774
2.7539173887646164
2.7000420079817617
2.806095400429688
3.1164654223478125
2.9485429523695585
2.8490750343034073
2.851999587320724
2.873042190060301
2.8389914590328766
2.784215199586886
2.93412521401513
3.009424078010509
2.851999587320724
3.0073209529227447
3.0244382219699557
2.798246491342817
3.0902951879875085
2.779223254029387
2.6023055542259232
2.708394082346528
2.9485429523695585
2.904990007059917
2.7718413004067872
2.7657840964740044
2.752748358497765
2.7817120544330813
2.932356191276283
2.7515824665709747
2.8669252652506194
2.8291367043612197
2.5853039720462316
2.904990007059917
2.8008470648733423
2.7515824665709747
3.0777786305655126
2.659590372990014
2.768196849801343
2.891927534220675
2.672983775247726
2.7669887976123753
3.1137762838370313
2.779223254029387
2.7829618235887885
2.7245007916165473
2.7073412467232614
2.7742880363538744
2.928839617553446
2.732226691353163
2.798246491342817
2.9691828592322613
2.9540754409695196
2.856423678025553
2.896780037015087
3.2027173671738125
2.7943745981020074
2.7539173887646164
2.786732855808132
2.8074174546679833
2.904990007059917
2.808743545719376
2.9099915342984106
3.0073209529227447
2.9485429523695585
2.822232036161911
2.9990088430819695
2.7052432016675696
3.409477445995946
2.806095400429688
2.808743545719376
2.7829618235887885
2.880811529315214
2.652118455664579
2.7879971783368918
2.7492600306519437
2.7344595727854553
2.986831564531133
2.8476201100552325
2.7277950765540884
2.8181413200597563
2.553913972303524
2.896780037015087
2.7742880363538744
2.7730629453245683
3.277968319593005
2.963455816039774
2.8903220075052567
2.756264932220602
2.799544831568098
2.7718413004067872
2.853469282401499
3.053778354161746
2.932356191276283
2.6081239405312044
2.851999587320724
3.0157952604664495
3.011537437323908
3.0445376974268332
2.857908446931244
2.7598102129852515
3.0073209529227447
2.836152922902476
2.681817187875563
2.980868617557456
2.86540940164567
2.8776870951060647
2.7669887976123753
2.9653564513792086
2.93768502478135
2.836152922902476
2.8263616503064473
2.7669887976123753
2.7169099332690574
2.7492600306519437
2.6558383454897085
2.9201707772038445
2.913358175048368
2.836152922902476
2.717986252238553
2.9083179504088443
2.9578033134887627
2.9730432800455
2.9949116949409245
2.635762337165028
3.1834122119784256
3.0561195699766484
2.7539173887646164
2.873042190060301
2.819500615322481
2.7126311352897825
2.8699729583326246
3.0491334491159825
2.752748358497765
2.932356191276283
2.8432843554225116
3.1897523900094447
2.9201707772038445
2.72559611245415
2.7212313070517
2.7645827278464967
2.911671592416432
2.9672654411865396
2.8249807445900617
2.9305943451199967
2.8984096617485955
2.8745849784745823
2.84617004366
2.8490750343034073
2.819500615322481
2.7311145409837954
2.9066507910413812
2.72559611245415
2.7598102129852515
3.0073209529227447
2.955935377353643
3.0561195699766484
2.81274628817305
2.626061955619945
3.2405059280632122
